89 14 4 15 4 34 4 36 4 38 4 72 4 76 4 92 4 99 4 102 4 104 4 115 4 117 4 156 4 164 4 13 2 29 4 80 2 111 4 113 2 130 2 148 4 173 4 174 4 182 4 189 4 202 4 203 4 204 2 207 4 210 4 213 4 214 4 216 4 218 4 219 2 230 4 237 4 241 4 70 4 174 2 188 4 249 4 263 4 290 4 320 2 331 4 345 2 14 3 34 3 38 3 102 3 111 3 164 3 173 3 189 3 203 3 207 3 210 3 214 3 133 2 267 2 275 2 363 4 412 4 437 2 445 4 447 4 235 3 282 3 402 3 29 3 81 3 124 2 388 3 438 2 113 4 202 2 203 2 219 4 474 4 496 4 497 4 520 3 20 3 202 3 267 4 580 2 590 4
2 33 1 45 1
0
1 45 1
1 45 1
0
0
1 73 1
0
1 22 1
1 22 1
0
0
3 22 1 77 1 79 1
0
3 77 1 79 1 36 1
0
0
0
1 75 1
2 77 1 75 1
1 230 1
0
0
0
2 230 1 74 1
0
2 75 1 38 1
0
0
0
1 388 1
1 74 1
1 235 1
1 74 1
0
0
1 402 1
0
1 235 1
0
1 79 1
0
0
0
0
1 76 1
0
1 76 1
0
0
0
0
0
0
0
0
0
0
0
0
0
0
0
0
0
0
0
0
0
0
0
0
0
0
0
0
0
0
0
0
0
0
0
0
0
0
0
0
0
0
0
0
0
0
0
0
0
0
0
0
