62 36 4 85 4 86 4 87 4 92 4 99 4 100 4 102 4 104 4 115 4 117 4 120 4 129 4 148 4 153 4 156 4 164 4 29 4 173 4 174 4 182 4 192 4 203 4 205 4 207 4 214 4 216 4 218 4 237 4 240 4 85 3 113 4 168 4 259 4 263 4 269 4 290 4 351 4 86 3 102 3 129 3 153 3 164 3 173 3 203 3 205 3 207 3 214 3 360 4 363 4 451 4 324 3 389 3 393 3 29 3 277 3 496 4 521 4 528 4 120 3 492 3 590 4
3 33 1 103 1 268 1
0
0
0
1 33 1
0
0
2 103 1 49 1
1 103 1
1 598 1
0
1 209 1
0
0
2 49 1 205 1
0
1 49 1
0
1 103 1
0
1 209 1
3 120 1 113 1 451 1
1 120 1
0
0
2 451 1 113 1
1 120 1
0
4 113 1 205 1 120 1 486 1
0
0
1 205 1
3 113 1 129 1 120 1
0
0
2 129 1 393 1
2 129 1 113 1
0
1 153 1
2 360 1 393 1
1 243 1
1 129 1
2 153 1 360 1
0
0
1 153 1
2 243 1 153 1
0
1 243 1
1 243 1
0
0
0
0
0
0
0
0
0
0
0
0
0
0
0
0
0
0
0
0
0
0
0
0
0
0
0
0
0
0
0
0
0
0
0
0
0
0
0
0
0
0
0
0
0
0
0
0
0
0
