83 36 4 38 4 63 4 70 4 72 4 76 4 92 4 94 4 99 4 100 4 102 4 104 4 115 4 117 4 120 4 121 4 149 4 153 4 156 4 164 4 29 4 138 4 148 4 168 4 171 4 173 4 174 4 182 4 188 4 202 4 203 4 205 4 207 4 213 4 214 4 216 4 218 4 237 4 241 4 244 4 113 4 263 4 285 4 290 4 331 4 38 3 102 3 138 3 153 3 164 3 173 3 203 3 205 3 207 3 214 3 244 3 14 4 363 4 412 4 416 4 433 4 445 4 447 4 235 3 246 3 402 3 428 3 29 3 67 3 356 3 388 3 473 4 477 4 496 4 120 3 171 3 202 3 285 3 335 3 157 4 267 4 590 4 611 4
5 95 1 140 1 93 1 23 1 402 1
0
0
0
0
0
0
0
0
0
0
0
0
0
0
0
2 23 1 473 1
0
1 23 1
0
0
0
0
0
0
0
1 121 1
1 23 1
0
0
1 121 1
0
0
0
0
0
1 452 1
0
0
0
0
0
0
0
0
0
1 437 1
0
0
0
0
0
0
0
0
0
0
0
0
0
0
0
0
0
0
0
0
0
0
0
0
0
0
0
0
0
0
0
0
0
0
0
0
0
0
0
0
0
0
0
0
0
0
0
0
0
0
0
0
0
