115 5 4 25 4 34 4 36 4 38 4 55 4 58 4 59 4 61 4 66 4 68 4 69 4 70 4 89 4 90 4 91 4 92 4 99 4 102 4 104 4 117 4 126 4 130 4 156 4 164 4 7 4 9 4 29 4 103 2 130 2 157 2 168 4 173 4 174 4 182 4 187 2 189 4 195 2 196 4 197 4 201 4 203 4 207 4 213 4 214 4 216 4 218 4 223 4 231 4 237 4 241 4 246 2 249 4 14 2 53 3 58 3 53 4 263 4 264 4 280 4 290 4 317 4 332 4 5 3 7 3 9 3 14 3 25 3 34 3 38 3 68 3 69 3 102 3 157 3 164 3 173 3 189 3 196 3 203 3 207 3 214 3 223 3 14 4 24 2 157 4 206 4 363 4 374 4 431 4 442 2 445 4 446 4 210 3 253 3 282 3 283 3 334 3 414 3 29 3 67 3 197 2 203 2 479 4 496 4 497 4 498 2 510 4 514 4 523 4 231 3 442 3 446 3 583 2 590 4 612 4
2 45 1 125 1
0
1 39 1
0
1 39 1
0
1 125 1
0
1 125 1
1 125 1
1 29 1
0
3 39 1 29 1 43 1
0
0
0
2 43 1 116 1
1 29 1
0
0
2 116 1 155 1
0
1 99 1
0
2 43 1 155 1
0
1 206 1
0
1 99 1
0
2 116 1 37 1
0
2 206 1 374 1
0
0
0
2 37 1 198 1
1 37 1
0
0
2 198 1 283 1
0
2 155 1 38 1
0
1 38 1
1 99 1
1 514 1
0
0
0
0
0
0
0
0
0
0
0
0
0
0
0
0
0
0
0
0
0
0
0
0
0
0
0
0
0
0
0
0
0
0
0
0
0
0
0
0
0
0
0
0
0
0
0
0
0
0
0
0
0
