86 5 4 25 4 34 4 36 4 38 4 66 4 68 4 69 4 70 4 92 4 99 4 102 4 104 4 117 4 118 4 129 4 130 4 156 4 164 4 29 4 168 4 173 4 174 4 182 4 189 4 197 4 203 4 207 4 213 4 214 4 216 4 218 4 223 4 237 4 241 4 249 4 89 4 240 4 263 4 264 4 280 4 290 4 317 4 339 4 5 3 25 3 34 3 38 3 68 3 69 3 102 3 118 3 129 3 157 3 164 3 173 3 189 3 203 3 207 3 214 3 223 3 157 4 363 4 374 4 398 4 411 4 431 4 444 4 445 4 270 3 276 3 282 3 340 3 389 3 410 3 29 3 67 3 272 3 490 4 496 4 514 4 523 4 526 4 343 3 590 4 612 4
6 24 1 96 1 279 1 25 1 179 1 370 1
0
0
0
1 96 1
1 96 1
0
0
1 27 1
0
1 27 1
0
1 26 1
0
0
1 26 1
1 280 1
0
0
1 280 1
1 116 1
0
0
0
1 364 1
1 136 1
0
0
1 136 1
0
1 170 1
0
2 27 1 170 1
0
0
1 193 1
1 193 1
1 26 1
0
0
3 203 1 299 1 469 1
0
1 116 1
0
2 203 1 299 1
1 25 1
0
1 136 1
2 25 1 203 1
0
1 179 1
0
2 25 1 370 1
0
0
0
2 179 1 370 1
0
0
0
1 179 1
0
0
0
0
0
0
0
0
0
0
0
0
0
0
0
0
0
0
0
0
0
0
0
0
0
0
0
0
0
0
0
0
0
0
0
0
0
0
0
