89 5 4 25 4 34 4 36 4 38 4 66 4 68 4 69 4 70 4 92 4 99 4 102 4 104 4 117 4 118 4 129 4 130 4 156 4 164 4 7 4 8 4 9 4 29 4 168 4 173 4 174 4 182 4 189 4 197 4 203 4 207 4 213 4 214 4 216 4 218 4 223 4 237 4 241 4 249 4 89 4 240 4 263 4 264 4 280 4 290 4 317 4 339 4 5 3 7 3 8 3 9 3 25 3 34 3 38 3 68 3 69 3 102 3 118 3 129 3 157 3 164 3 173 3 189 3 203 3 207 3 214 3 223 3 157 4 363 4 374 4 409 4 411 4 431 4 444 4 445 4 270 3 410 3 29 3 67 3 272 3 490 4 496 4 514 4 523 4 526 4 343 3 409 3 590 4 612 4
6 4 1 97 1 279 1 68 1 264 1 370 1
0
0
0
0
1 97 1
1 97 1
0
0
0
1 228 1
0
1 228 1
0
0
2 183 1 418 1
0
0
0
1 183 1
1 364 1
0
0
0
0
4 7 1 8 1 9 1 410 1
0
0
0
0
4 7 1 8 1 9 1 501 1
2 183 1 327 1
1 7 1
0
0
4 327 1 7 1 8 1 9 1
0
2 8 1 5 1
0
0
2 5 1 327 1
0
1 9 1
1 197 1
0
2 197 1 5 1
0
1 5 1
0
2 68 1 197 1
2 68 1 197 1
0
1 68 1
0
0
2 370 1 264 1
0
0
0
0
1 68 1
0
0
0
0
1 370 1
0
0
0
0
0
0
0
0
0
0
0
0
0
0
0
0
0
0
0
0
0
0
0
0
0
0
0
0
0
0
0
0
0
0
