131 5 4 14 4 15 4 25 4 34 4 36 4 38 4 55 4 57 4 58 4 59 4 61 4 63 4 66 4 68 4 69 4 70 4 85 4 87 4 89 4 90 4 92 4 99 4 102 4 104 4 117 4 126 4 130 4 156 4 164 4 7 4 8 4 9 4 29 4 34 2 111 4 138 4 168 4 171 4 173 4 174 4 182 4 187 2 189 4 196 4 201 4 203 4 205 4 207 4 213 4 214 4 216 4 218 4 222 2 223 4 231 4 237 4 240 4 241 4 244 4 247 4 249 4 53 3 58 3 85 3 53 4 76 4 91 4 164 2 173 2 174 2 214 2 263 4 264 4 265 2 280 4 290 4 317 4 351 4 352 4 5 3 7 3 8 3 9 3 14 3 25 3 34 3 38 3 68 3 69 3 102 3 111 3 138 3 157 3 164 3 173 3 189 3 196 3 203 3 205 3 207 3 214 3 223 3 244 3 133 2 157 4 359 2 363 4 374 4 416 4 431 4 445 4 282 3 401 3 428 3 29 3 250 4 330 2 428 2 496 4 510 4 514 4 523 4 525 4 526 4 171 3 20 3 231 3 562 2 590 4 612 4
3 35 1 48 1 122 1
0
0
0
1 48 1
0
2 23 1 48 1
0
1 111 1
0
0
1 111 1
2 111 1 282 1
0
1 50 1
0
1 35 1
1 282 1
1 23 1
0
1 23 1
0
2 111 1 23 1
0
2 35 1 50 1
0
0
0
2 35 1 21 1
0
2 21 1 50 1
0
1 205 1
1 50 1
0
0
3 21 1 382 1 498 1
0
1 103 1
1 21 1
2 287 1 382 1
0
1 103 1
0
2 103 1 287 1
0
0
0
2 438 1 103 1
0
1 287 1
0
2 378 1 438 1
0
0
0
1 378 1
0
0
0
0
0
0
0
0
0
0
0
0
0
0
0
0
0
0
0
0
0
0
0
0
0
0
0
0
0
0
0
0
0
0
0
0
0
0
0
0
0
0
0
