75 85 4 87 4 92 4 99 4 102 4 104 4 117 4 120 4 126 4 153 4 156 4 164 4 60 2 103 2 149 2 168 4 173 4 174 4 182 4 188 4 192 4 194 2 203 4 205 4 207 4 213 4 214 4 216 4 218 4 220 2 237 4 241 4 53 3 85 3 53 4 148 4 240 4 247 4 259 4 261 2 263 4 269 4 290 4 351 4 102 3 153 3 164 3 173 3 203 3 205 3 207 3 214 3 174 2 180 2 261 4 288 2 360 4 363 4 371 4 399 4 445 4 180 3 253 3 220 3 254 2 255 2 256 2 474 4 496 4 510 4 120 3 399 3 390 2 590 4 611 4
3 33 1 123 1 139 1
0
0
1 123 1
0
1 123 1
1 108 1
0
1 123 1
1 108 1
0
1 372 1
0
0
2 372 1 499 1
0
1 120 1
1 124 1
2 120 1 499 1
0
1 124 1
0
1 120 1
2 124 1 120 1
1 108 1
1 114 1
0
2 114 1 124 1
1 360 1
0
0
1 124 1
2 114 1 360 1
1 188 1
0
0
3 108 1 153 1 360 1
0
0
2 120 1 194 1
1 153 1
3 188 1 153 1 562 1
0
0
3 114 1 194 1 262 1
2 194 1 188 1
0
1 153 1
1 262 1
0
2 262 1 194 1
0
0
0
1 262 1
0
0
0
0
0
0
0
0
0
0
0
0
0
0
0
0
0
0
0
0
0
0
0
0
0
0
0
0
0
0
0
0
0
0
0
0
0
0
0
0
0
0
0
0
0
