112 32 4 34 4 36 4 38 4 70 4 85 4 87 4 89 4 90 4 91 4 92 4 99 4 102 4 104 4 117 4 126 4 130 4 156 4 157 4 164 4 29 4 37 2 46 4 59 4 68 2 157 2 173 4 174 4 179 2 182 4 189 4 192 4 196 4 201 4 203 4 205 4 207 4 213 4 214 4 216 4 218 4 222 2 228 2 231 4 237 4 241 4 242 2 249 4 53 3 58 3 85 3 14 2 53 4 58 4 168 4 174 2 240 4 263 4 290 4 306 2 317 4 351 4 14 3 34 3 38 3 68 3 102 3 157 3 164 3 173 3 189 3 196 3 203 3 205 3 207 3 214 3 14 4 363 4 371 4 397 4 398 4 406 4 407 2 422 2 423 2 424 2 431 4 444 4 445 4 446 4 180 3 246 3 253 3 276 3 283 3 401 3 414 3 29 3 130 2 231 2 431 2 496 4 510 4 523 4 231 3 406 3 446 3 529 3 368 2 470 2 563 2 590 4
4 30 1 23 1 31 1 39 1
0
0
0
0
0
0
1 23 1
1 23 1
1 23 1
0
1 31 1
2 23 1 31 1
0
1 31 1
0
0
0
2 31 1 184 1
0
1 184 1
0
1 350 1
1 184 1
1 350 1
0
0
0
1 350 1
2 23 1 523 1
1 184 1
0
1 36 1
1 498 1
1 39 1
0
1 32 1
1 32 1
0
1 31 1
1 36 1
0
1 36 1
0
3 32 1 444 1 529 1
0
0
0
2 36 1 89 1
1 43 1
0
2 89 1 444 1
0
0
2 36 1 89 1
1 89 1
1 224 1
0
0
0
0
0
1 32 1
0
0
0
1 224 1
0
0
0
0
0
0
0
0
0
0
0
0
0
0
0
0
0
0
0
0
0
0
0
0
0
0
0
0
0
0
0
0
0
