128 5 4 6 4 25 4 32 4 34 4 36 4 38 4 55 4 57 4 58 4 59 4 61 4 63 4 66 4 68 4 69 4 70 4 85 4 87 4 89 4 90 4 91 4 92 4 99 4 102 4 104 4 117 4 126 4 130 4 156 4 157 4 164 4 7 4 9 4 29 4 46 4 173 4 174 4 182 4 189 4 192 4 196 4 201 4 203 4 205 4 207 4 210 4 213 4 214 4 216 4 218 4 223 4 231 4 237 4 241 4 249 4 53 3 58 3 85 3 15 4 53 4 168 4 240 4 263 4 264 4 280 4 290 4 317 4 351 4 5 3 7 3 9 3 14 3 25 3 34 3 38 3 68 3 69 3 102 3 157 3 164 3 173 3 189 3 196 3 203 3 205 3 207 3 210 3 214 3 223 3 14 4 363 4 371 4 374 4 397 4 398 4 406 4 411 4 416 4 419 4 421 4 431 4 444 4 445 4 446 4 8 3 180 3 200 3 246 3 253 3 276 3 283 3 401 3 414 3 29 3 250 4 335 3 479 4 496 4 510 4 523 4 525 4 231 3 406 3 446 3 529 3 590 4 612 4
6 23 1 30 1 31 1 39 1 32 1 224 1
0
0
0
0
0
0
0
1 23 1
1 23 1
0
1 31 1
2 23 1 31 1
0
1 31 1
0
0
0
2 31 1 184 1
0
1 184 1
0
1 350 1
1 184 1
1 350 1
0
0
0
1 350 1
2 23 1 523 1
1 184 1
0
1 36 1
1 498 1
1 39 1
0
1 32 1
1 32 1
0
1 31 1
1 36 1
1 359 1
0
0
1 444 1
1 36 1
1 529 1
1 32 1
1 89 1
0
0
0
0
1 36 1
1 43 1
1 444 1
1 224 1
1 89 1
0
0
0
1 89 1
0
1 36 1
1 89 1
1 224 1
0
0
0
0
1 32 1
0
0
0
0
0
1 224 1
0
0
0
0
0
0
0
0
0
0
0
0
0
0
0
0
0
0
0
0
0
0
0
