137 5 4 25 4 34 4 36 4 38 4 55 4 57 4 58 4 59 4 61 4 63 4 66 4 68 4 69 4 70 4 85 4 87 4 89 4 90 4 92 4 99 4 102 4 104 4 117 4 126 4 130 4 156 4 157 4 164 4 7 4 8 4 9 4 23 2 29 4 46 4 50 2 116 2 173 4 174 4 182 4 189 4 192 4 193 2 196 4 201 4 203 4 207 4 210 4 213 4 214 4 216 4 218 4 219 2 223 4 231 4 237 4 240 4 241 4 247 4 249 4 53 3 58 3 85 3 15 4 53 4 68 2 76 4 91 4 164 2 168 4 258 4 263 4 264 4 280 4 290 4 306 2 317 4 332 4 351 4 352 4 5 3 7 3 8 3 9 3 25 3 34 3 38 3 68 3 69 3 102 3 157 3 164 3 173 3 189 3 196 3 203 3 207 3 210 3 214 3 223 3 38 2 283 2 359 2 363 4 374 4 409 4 411 4 416 4 419 4 421 4 431 4 445 4 180 3 200 3 253 3 270 3 283 3 389 3 401 3 29 3 67 3 250 4 219 4 253 2 264 2 376 2 496 4 509 2 510 4 514 4 523 4 526 4 231 3 343 3 409 3 590 4 612 4
3 4 1 99 1 43 1
0
0
0
0
0
3 43 1 44 1 252 1
0
0
1 39 1
0
0
2 44 1 39 1
0
0
0
0
0
4 39 1 252 1 5 1 458 1
0
0
1 99 1
0
0
2 5 1 146 1
1 44 1
0
0
0
0
4 39 1 99 1 242 1 498 1
0
0
2 203 1 146 1
0
1 5 1
3 203 1 200 1 242 1
0
0
0
1 43 1
0
3 146 1 458 1 203 1
0
0
3 146 1 389 1 200 1
0
0
2 179 1 389 1
1 179 1
0
0
0
0
1 179 1
0
0
0
0
0
0
0
0
0
0
0
0
0
0
0
0
0
0
0
0
0
0
0
0
0
0
0
0
0
0
0
0
0
0
0
0
0
0
0
0
0
0
0
0
0
