64 36 4 38 4 55 4 57 4 58 4 59 4 61 4 63 4 92 4 99 4 102 4 104 4 117 4 129 4 130 4 156 4 164 4 29 4 127 4 173 4 174 4 182 4 196 4 203 4 207 4 213 4 214 4 216 4 218 4 225 4 237 4 240 4 250 4 58 3 258 4 263 4 290 4 291 4 352 4 38 3 102 3 129 3 164 3 173 3 196 3 203 3 207 3 214 3 362 4 363 4 406 4 416 4 430 4 445 4 200 3 239 3 291 3 324 3 340 3 29 3 496 4 503 4 406 3 590 4
4 108 1 145 1 43 1 55 1
0
0
1 108 1
0
0
0
2 108 1 43 1
0
0
1 55 1
0
0
1 116 1
1 43 1
0
0
1 61 1
1 108 1
0
0
1 55 1
1 97 1
1 43 1
0
1 239 1
0
0
1 239 1
2 55 1 362 1
0
0
0
0
0
0
0
0
0
2 97 1 56 1
1 97 1
0
0
0
0
0
0
1 349 1
0
0
1 56 1
1 56 1
0
0
0
0
1 406 1
0
0
0
0
1 349 1
0
0
0
0
0
0
0
0
0
0
0
0
0
0
0
0
0
0
0
0
0
0
0
0
0
0
0
0
0
0
0
0
0
0
0
0
0
0
