79 13 4 18 4 36 4 38 4 63 4 72 4 76 4 92 4 94 4 99 4 100 4 102 4 104 4 115 4 117 4 129 4 149 4 156 4 164 4 148 4 171 4 173 4 174 4 182 4 202 4 203 4 207 4 213 4 214 4 216 4 218 4 230 4 237 4 241 4 168 4 219 4 240 4 247 4 263 4 285 4 290 4 332 4 38 3 102 3 129 3 138 3 164 3 173 3 203 3 207 3 214 3 138 4 244 4 318 4 355 4 363 4 369 4 412 4 416 4 432 4 445 4 239 3 314 3 324 3 466 3 81 3 366 3 450 3 474 4 496 4 512 4 522 4 171 3 202 3 285 3 355 3 527 3 590 4 611 4
1 93 1
0
0
0
0
0
0
0
0
1 93 1
0
4 93 1 77 1 78 1 79 1
1 77 1
1 78 1
2 77 1 79 1
2 78 1 16 1
1 79 1
1 48 1
0
0
1 48 1
1 18 1
1 18 1
1 60 1
0
1 18 1
0
2 16 1 318 1
0
1 366 1
0
1 60 1
0
3 60 1 219 1 476 1
0
2 445 1 219 1
0
0
0
3 219 1 405 1 445 1
0
1 405 1
0
0
0
1 483 1
1 318 1
0
0
0
0
0
0
0
0
0
0
0
0
0
0
0
0
0
0
0
0
0
0
0
0
0
0
0
0
0
0
0
0
0
0
0
0
0
0
0
0
0
0
0
0
0
0
0
0
0
0
0
0
0
