92 36 4 38 4 55 4 57 4 58 4 59 4 61 4 63 4 85 4 86 4 87 4 92 4 94 4 99 4 100 4 102 4 104 4 115 4 117 4 129 4 130 4 148 4 149 4 156 4 161 4 164 4 127 4 138 4 171 4 173 4 174 4 182 4 192 4 196 4 203 4 207 4 213 4 214 4 216 4 218 4 237 4 240 4 244 4 250 4 58 3 85 3 113 4 258 4 263 4 285 4 290 4 291 4 352 4 38 3 86 3 102 3 129 3 138 3 164 3 173 3 196 3 203 3 207 3 214 3 244 3 278 4 360 4 362 4 363 4 416 4 419 4 430 4 433 4 447 4 205 3 239 3 271 3 291 3 324 3 220 3 277 3 356 3 473 4 477 4 496 4 503 4 171 3 278 3 285 3 472 3 590 4 605 4
8 33 1 55 1 106 1 61 1 105 1 229 1 129 1 56 1
0
0
0
0
0
0
0
0
0
0
0
0
0
0
0
0
0
0
0
0
1 109 1
0
0
0
0
0
1 109 1
0
0
0
0
1 109 1
0
0
0
1 109 1
0
0
0
0
0
0
0
0
0
0
0
0
0
0
0
0
0
0
0
0
0
0
0
0
0
0
0
0
0
0
0
0
0
0
0
0
0
0
0
0
0
0
0
0
0
0
0
0
0
0
0
0
0
0
0
0
0
0
0
0
0
0
0
