135 5 4 25 4 34 4 36 4 38 4 63 4 66 4 68 4 69 4 76 4 85 4 86 4 87 4 92 4 94 4 99 4 100 4 102 4 104 4 115 4 117 4 118 4 130 4 148 4 149 4 156 4 164 4 7 4 8 4 9 4 29 4 95 2 102 2 138 4 168 4 171 4 173 4 174 4 182 4 189 4 192 4 203 4 207 4 213 4 214 4 216 4 218 4 223 4 237 4 241 4 244 4 247 4 248 2 85 3 113 4 219 4 240 4 244 2 252 2 259 4 263 4 264 4 269 4 271 2 280 4 285 4 289 4 290 4 347 4 351 4 5 3 7 3 8 3 9 3 25 3 34 3 38 3 68 3 69 3 86 3 102 3 118 3 138 3 164 3 173 3 189 3 203 3 207 3 214 3 244 3 109 2 278 4 298 2 332 4 358 2 363 4 371 4 374 4 409 4 411 4 412 4 416 4 433 4 445 4 447 4 451 4 270 3 271 3 324 3 334 3 428 3 29 3 272 3 277 3 417 2 196 2 471 2 473 4 477 4 478 2 496 4 171 3 196 3 278 3 285 3 289 3 343 3 409 3 472 3 478 3 492 3 590 4 605 4 611 4 612 4
8 93 1 112 1 345 1 384 1 385 1 469 1 501 1 581 1
0
0
1 383 1
1 93 1
1 93 1
0
2 164 1 96 1
1 164 1
0
3 164 1 227 1 3 1
1 96 1
1 96 1
0
4 93 1 3 1 102 1 149 1
1 96 1
1 3 1
2 102 1 227 1
2 113 1 115 1
0
3 3 1 113 1 115 1
3 345 1 113 1 115 1
1 113 1
0
2 227 1 60 1
3 113 1 115 1 227 1
0
0
2 60 1 164 1
0
2 3 1 227 1
1 278 1
1 278 1
0
0
2 60 1 271 1
1 271 1
0
2 96 1 94 1
1 272 1
2 226 1 272 1
0
2 94 1 272 1
0
1 94 1
2 219 1 226 1
2 164 1 226 1
0
1 226 1
1 219 1
0
0
1 219 1
0
0
0
0
0
0
0
0
0
0
0
0
0
0
0
0
0
0
0
0
0
0
0
0
0
0
0
0
0
0
0
0
0
0
0
0
0
0
0
0
0
0
0
0
0
0
0
