80 14 4 15 4 36 4 38 4 63 4 92 4 99 4 102 4 104 4 117 4 129 4 130 4 156 4 164 4 13 2 29 4 68 2 113 2 168 4 173 4 174 4 179 2 182 4 197 4 203 4 207 4 210 4 211 4 213 4 214 4 216 4 218 4 219 2 226 2 237 4 241 4 249 4 203 2 240 4 263 4 290 4 318 2 332 4 14 3 38 3 68 3 102 3 129 3 164 3 173 3 203 3 207 3 210 3 214 3 206 4 280 4 318 4 355 4 363 4 369 4 400 2 404 4 405 2 416 4 432 4 445 4 282 3 466 3 29 3 366 3 450 3 113 4 211 2 219 4 432 2 496 4 522 4 355 3 501 2 590 4
3 98 1 43 1 410 1
0
0
0
1 116 1
1 116 1
0
0
1 228 1
0
1 228 1
1 228 1
1 206 1
0
0
1 206 1
2 43 1 97 1
1 206 1
0
1 116 1
2 97 1 17 1
0
0
2 104 1 97 1
1 210 1
1 17 1
0
0
1 163 1
1 17 1
1 163 1
0
1 13 1
0
1 14 1
2 163 1 14 1
1 104 1
0
0
0
2 104 1 404 1
2 97 1 14 1
0
0
1 400 1
1 210 1
0
1 104 1
1 458 1
2 17 1 403 1
0
0
1 403 1
0
0
0
1 14 1
0
0
0
1 364 1
0
0
0
0
0
0
0
0
0
0
0
0
0
0
0
0
0
0
0
0
0
0
0
0
0
0
0
0
0
0
0
0
0
0
0
0
0
0
0
