114 5 4 25 4 34 4 36 4 38 4 55 4 58 4 59 4 61 4 63 4 66 4 68 4 69 4 92 4 94 4 99 4 100 4 102 4 104 4 115 4 117 4 118 4 130 4 149 4 156 4 164 4 8 4 29 4 138 4 168 4 171 4 173 4 174 4 182 4 189 4 196 4 203 4 207 4 213 4 214 4 216 4 218 4 223 4 230 4 237 4 240 4 244 4 247 4 58 3 113 4 148 4 258 4 259 4 263 4 264 4 269 4 280 4 285 4 290 4 347 4 352 4 5 3 8 3 25 3 34 3 38 3 68 3 69 3 102 3 118 3 138 3 164 3 173 3 189 3 196 3 203 3 207 3 214 3 223 3 244 3 278 4 363 4 371 4 374 4 409 4 411 4 412 4 416 4 419 4 433 4 445 4 447 4 270 3 271 3 324 3 428 3 29 3 215 3 272 3 277 3 473 4 477 4 496 4 497 4 524 4 171 3 278 3 285 3 304 3 343 3 409 3 478 3 590 4 612 4
6 1 1 142 1 122 1 181 1 195 1 577 1
0
0
0
1 122 1
0
0
1 142 1
1 142 1
0
1 181 1
0
1 181 1
0
1 3 1
0
0
2 122 1 8 1
0
0
3 3 1 212 1 531 1
0
1 3 1
0
3 8 1 313 1 212 1
0
0
2 358 1 313 1
0
0
1 8 1
0
2 419 1 358 1
0
1 212 1
0
0
0
2 34 1 419 1
0
2 34 1 313 1
0
0
2 378 1 34 1
0
0
1 37 1
0
2 195 1 378 1
0
2 195 1 34 1
0
0
0
2 59 1 195 1
0
2 59 1 195 1
1 59 1
0
1 59 1
0
0
0
0
0
0
1 59 1
0
0
0
0
0
0
0
0
0
0
0
0
0
0
0
0
0
0
0
0
0
0
0
0
0
0
0
0
0
0
0
0
0
