84 32 4 34 4 36 4 38 4 58 4 59 4 63 4 70 4 85 4 87 4 89 4 90 4 92 4 99 4 102 4 104 4 117 4 126 4 130 4 156 4 164 4 29 4 57 4 173 4 174 4 182 4 192 4 196 4 203 4 207 4 213 4 214 4 216 4 218 4 231 4 237 4 241 4 249 4 53 3 58 3 85 3 53 4 76 4 201 4 240 4 263 4 290 4 317 4 351 4 352 4 34 3 38 3 102 3 164 3 173 3 196 3 203 3 207 3 214 3 157 4 363 4 371 4 416 4 431 4 444 4 445 4 180 3 200 3 253 3 270 3 283 3 428 3 442 3 29 3 250 4 272 3 496 4 510 4 514 4 523 4 526 4 528 4 231 3 590 4
2 33 1 39 1
0
1 39 1
2 39 1 99 1
1 99 1
0
0
2 99 1 30 1
0
0
1 184 1
0
2 30 1 184 1
0
1 228 1
0
0
0
3 184 1 228 1 156 1
0
1 23 1
0
0
1 371 1
0
2 228 1 207 1
0
1 39 1
2 428 1 526 1
0
0
0
0
1 156 1
3 43 1 36 1 428 1
0
0
0
0
0
2 207 1 36 1
0
1 37 1
1 99 1
0
0
0
2 37 1 207 1
0
1 37 1
1 36 1
0
1 36 1
0
2 416 1 37 1
0
0
0
0
0
0
0
1 416 1
0
0
0
0
0
0
0
0
0
0
0
0
0
0
0
0
0
0
0
0
0
0
0
0
0
0
0
0
0
0
0
0
0
0
0
0
0
