93 34 4 36 4 38 4 55 4 57 4 58 4 59 4 61 4 63 4 70 4 82 4 85 4 87 4 92 4 99 4 102 4 104 4 115 4 117 4 126 4 130 4 156 4 164 4 29 4 46 4 127 4 173 4 174 4 182 4 192 4 196 4 201 4 203 4 207 4 213 4 214 4 216 4 218 4 225 4 237 4 240 4 249 4 250 4 53 3 58 3 85 3 53 4 89 4 258 4 259 4 263 4 269 4 290 4 291 4 352 4 34 3 38 3 86 3 102 3 164 3 173 3 196 3 203 3 207 3 214 3 86 4 362 4 363 4 371 4 399 4 406 4 416 4 419 4 444 4 445 4 180 3 200 3 239 3 253 3 291 3 340 3 401 3 442 3 29 3 496 4 503 4 510 4 523 4 525 4 231 3 399 3 406 3 590 4
6 43 1 44 1 56 1 82 1 33 1 37 1
0
0
0
0
0
0
0
0
0
0
0
0
0
0
0
0
0
0
1 44 1
0
0
1 82 1
0
1 82 1
1 43 1
0
0
1 239 1
1 43 1
0
2 43 1 423 1
0
0
2 239 1 401 1
0
0
1 240 1
0
1 56 1
1 56 1
0
0
1 349 1
1 240 1
0
1 63 1
0
0
2 63 1 349 1
0
1 63 1
0
0
1 63 1
0
0
0
0
0
0
0
0
0
0
0
0
0
0
0
0
0
0
0
0
0
0
0
0
0
0
0
0
0
0
0
0
0
0
0
0
0
0
0
0
0
0
0
0
0
