109 32 4 34 4 36 4 38 4 55 4 57 4 58 4 59 4 61 4 63 4 70 4 76 4 82 4 85 4 87 4 92 4 94 4 99 4 102 4 104 4 115 4 117 4 130 4 149 4 156 4 164 4 29 4 62 2 138 4 171 4 173 4 174 4 182 4 192 4 193 2 196 4 203 4 207 4 213 4 214 4 216 4 218 4 225 4 231 4 237 4 240 4 249 4 250 4 58 3 85 3 32 2 46 4 127 4 164 2 174 2 214 2 219 4 258 4 263 4 287 2 290 4 291 4 321 2 349 2 351 4 352 4 34 3 38 3 102 3 138 3 164 3 173 3 196 3 203 3 207 3 214 3 90 2 246 2 250 2 362 4 363 4 406 4 416 4 419 4 445 4 200 3 246 3 291 3 324 3 401 3 428 3 442 3 29 3 215 3 335 3 248 2 406 2 419 2 496 4 497 4 523 4 524 4 171 3 231 3 304 3 406 3 529 3 573 2 590 4
3 45 1 55 1 47 1
0
0
1 54 1
0
0
2 54 1 109 1
1 54 1
0
1 420 1
0
0
1 34 1
1 352 1
1 34 1
1 47 1
0
1 34 1
1 109 1
1 54 1
0
2 109 1 240 1
0
0
2 34 1 195 1
0
1 195 1
0
1 195 1
0
2 109 1 58 1
1 58 1
0
0
0
1 58 1
2 240 1 362 1
1 58 1
0
0
0
0
2 240 1 219 1
0
0
1 56 1
1 56 1
0
1 56 1
2 219 1 329 1
0
0
0
0
1 329 1
0
1 56 1
0
0
0
0
0
0
0
0
0
0
0
0
0
0
0
0
0
0
0
0
0
0
0
0
0
0
0
0
0
0
0
0
0
0
0
0
0
0
0
0
0
0
0
