80 34 4 36 4 38 4 55 4 57 4 58 4 59 4 61 4 63 4 92 4 99 4 102 4 104 4 115 4 117 4 129 4 130 4 156 4 164 4 29 4 46 4 127 4 173 4 174 4 182 4 189 4 196 4 197 4 203 4 207 4 213 4 214 4 216 4 218 4 231 4 237 4 240 4 241 4 247 4 250 4 58 3 91 4 258 4 263 4 290 4 291 4 352 4 34 3 38 3 102 3 129 3 164 3 173 3 189 3 196 3 203 3 207 3 214 3 70 4 249 4 362 4 363 4 416 4 445 4 270 3 291 3 324 3 387 3 401 3 29 3 215 3 496 4 497 4 503 4 514 4 526 4 231 3 304 3 343 3 590 4
6 28 1 33 1 55 1 98 1 39 1 270 1
0
0
0
1 28 1
0
0
1 28 1
1 55 1
0
0
0
1 98 1
0
1 55 1
1 55 1
1 352 1
0
0
1 62 1
1 62 1
1 98 1
1 98 1
0
1 392 1
0
1 98 1
0
2 44 1 151 1
1 44 1
1 55 1
0
1 114 1
0
0
1 62 1
2 39 1 330 1
0
0
1 44 1
1 387 1
3 151 1 54 1 114 1
1 392 1
1 114 1
1 56 1
0
1 151 1
1 54 1
0
1 387 1
0
1 56 1
0
1 56 1
0
0
1 114 1
0
0
0
0
0
0
1 151 1
0
0
0
0
0
0
1 56 1
0
0
0
0
0
0
1 330 1
0
0
0
0
0
0
0
0
0
0
0
0
0
0
0
0
0
0
0
0
0
0
