76 34 4 36 4 38 4 63 4 85 4 86 4 87 4 92 4 99 4 102 4 104 4 115 4 117 4 129 4 130 4 148 4 156 4 164 4 29 4 46 4 173 4 174 4 182 4 189 4 192 4 197 4 203 4 207 4 213 4 214 4 216 4 218 4 231 4 237 4 240 4 241 4 247 4 85 3 91 4 263 4 290 4 351 4 34 3 38 3 86 3 102 3 129 3 164 3 173 3 189 3 203 3 207 3 214 3 70 4 113 4 249 4 363 4 416 4 445 4 451 4 270 3 324 3 387 3 393 3 29 3 215 3 496 4 497 4 514 4 521 4 526 4 528 4 231 3 304 3 343 3 590 4
6 28 1 33 1 84 1 98 1 39 1 270 1
0
0
0
1 28 1
0
0
1 28 1
1 84 1
0
0
0
1 98 1
0
1 84 1
1 84 1
1 24 1
0
0
1 422 1
1 422 1
1 98 1
1 98 1
0
1 42 1
0
1 98 1
0
2 24 1 97 1
1 24 1
1 84 1
0
1 86 1
0
0
1 42 1
2 39 1 435 1
0
0
1 86 1
1 387 1
2 24 1 86 1
1 422 1
1 97 1
1 87 1
0
1 97 1
1 42 1
0
1 387 1
0
1 87 1
0
1 87 1
0
0
1 86 1
0
0
0
0
0
0
1 97 1
0
0
0
0
0
0
1 87 1
0
0
0
0
0
0
1 435 1
0
0
0
0
0
0
0
0
0
0
0
0
0
0
0
0
0
0
0
0
0
0
