72 34 4 36 4 38 4 63 4 92 4 99 4 102 4 104 4 115 4 117 4 126 4 129 4 130 4 156 4 164 4 29 4 46 4 173 4 174 4 182 4 189 4 192 4 197 4 203 4 207 4 213 4 214 4 216 4 218 4 231 4 237 4 240 4 241 4 247 4 53 3 53 4 91 4 263 4 290 4 315 4 34 3 38 3 102 3 129 3 164 3 173 3 189 3 203 3 207 3 214 3 70 4 249 4 261 4 363 4 416 4 445 4 257 3 270 3 276 3 387 3 29 3 215 3 488 4 496 4 497 4 510 4 514 4 526 4 231 3 304 3 343 3 590 4
6 28 1 33 1 52 1 98 1 39 1 270 1
0
0
0
1 28 1
0
0
1 28 1
1 52 1
0
0
0
1 98 1
0
1 52 1
1 52 1
1 44 1
0
0
1 424 1
1 424 1
1 98 1
1 98 1
0
1 83 1
0
1 98 1
0
2 44 1 184 1
1 44 1
1 52 1
0
1 123 1
0
0
1 83 1
2 39 1 436 1
0
0
1 44 1
1 387 1
2 43 1 123 1
1 424 1
1 83 1
2 126 1 394 1
0
1 43 1
1 99 1
0
1 387 1
0
1 53 1
0
1 53 1
0
0
1 123 1
0
0
0
0
0
0
1 184 1
0
0
0
0
0
0
1 126 1
0
0
0
0
0
0
1 436 1
0
0
0
0
0
0
0
0
0
0
0
0
0
0
0
0
0
0
0
0
0
0
