85 34 4 36 4 38 4 55 4 57 4 58 4 59 4 61 4 92 4 99 4 102 4 104 4 115 4 117 4 156 4 164 4 61 2 62 2 91 2 168 4 173 4 174 4 175 2 182 4 196 4 201 4 202 4 203 4 205 4 207 4 213 4 214 4 216 4 218 4 229 2 237 4 240 4 249 4 58 3 91 4 109 2 127 4 258 4 263 4 282 2 290 4 317 4 332 4 352 4 34 3 38 3 102 3 157 3 164 3 173 3 196 3 203 3 205 3 207 3 214 3 103 2 157 4 196 2 341 2 362 4 363 4 397 4 445 4 446 4 189 3 246 3 282 3 334 3 414 3 250 4 193 2 202 2 468 4 479 4 496 4 503 4 202 3 446 3 36 2 590 4
2 10 1 106 1
0
0
0
0
1 71 1
0
0
0
1 71 1
1 43 1
0
1 71 1
0
0
1 341 1
0
0
1 43 1
0
1 28 1
0
0
0
1 341 1
1 203 1
0
1 28 1
0
0
2 28 1 453 1
0
0
1 71 1
0
1 72 1
1 203 1
0
1 163 1
0
1 319 1
0
1 319 1
1 43 1
0
2 72 1 246 1
0
0
2 56 1 72 1
1 378 1
1 378 1
0
0
0
1 246 1
0
0
0
0
0
0
0
0
0
0
0
0
0
0
0
0
0
0
0
0
0
0
0
0
0
0
0
0
0
0
0
0
0
0
0
0
0
0
0
0
0
0
0
0
0
