102 13 4 18 4 19 4 36 4 38 4 63 4 82 4 92 4 99 4 102 4 104 4 115 4 117 4 126 4 129 4 143 4 156 4 164 4 18 2 29 4 46 4 89 4 173 4 174 4 182 4 193 2 197 4 201 4 203 4 207 4 211 2 211 4 213 4 214 4 216 4 218 4 225 4 228 2 231 4 237 4 240 4 249 4 53 3 53 4 70 4 168 4 174 2 225 2 241 4 259 4 263 4 269 4 290 4 317 4 332 4 337 4 38 3 102 3 129 3 157 3 164 3 173 3 203 3 207 3 214 3 157 4 355 4 363 4 371 4 372 2 397 4 406 4 416 4 432 4 444 4 445 4 446 4 239 3 246 3 257 3 314 3 401 3 414 3 442 3 466 3 29 3 143 3 366 3 355 2 366 2 468 4 479 4 496 4 507 4 510 4 523 4 231 3 355 3 406 3 446 3 469 2 590 4
9 17 1 97 1 44 1 48 1 184 1 422 1 423 1 424 1 442 1
0
0
0
0
0
0
1 97 1
1 46 1
0
0
0
0
0
1 44 1
0
1 97 1
0
0
0
0
1 48 1
0
0
1 246 1
0
0
0
1 246 1
0
0
0
2 48 1 242 1
0
0
1 184 1
0
1 44 1
0
0
1 36 1
0
1 36 1
0
1 36 1
0
0
0
2 442 1 507 1
1 63 1
0
0
0
1 63 1
0
0
2 63 1 442 1
0
0
0
0
0
0
0
2 157 1 63 1
0
0
0
0
0
0
0
2 416 1 157 1
0
0
0
0
0
0
0
1 416 1
0
0
0
0
0
0
0
0
0
0
0
0
0
0
0
0
0
0
0
