73 13 4 18 4 19 4 36 4 38 4 55 4 58 4 59 4 61 4 63 4 92 4 99 4 102 4 104 4 115 4 117 4 129 4 143 4 156 4 164 4 46 4 173 4 174 4 182 4 189 4 196 4 197 4 201 4 203 4 207 4 211 4 214 4 216 4 218 4 237 4 240 4 241 4 249 4 58 3 258 4 263 4 290 4 332 4 352 4 38 3 102 3 129 3 164 3 173 3 189 3 196 3 203 3 207 3 214 3 355 4 363 4 365 4 369 4 416 4 419 4 432 4 239 3 246 3 314 3 324 3 466 3 143 3 366 3 496 4 507 4 524 4 355 3 590 4
15 58 1 64 1 16 1 181 1 54 1 97 1 115 1 170 1 246 1 258 1 329 1 366 1 420 1 542 1 573 1
0
0
0
0
0
0
1 54 1
0
0
0
0
1 54 1
0
1 420 1
0
0
0
0
0
0
1 170 1
0
0
1 97 1
0
0
0
1 246 1
0
0
0
0
0
0
1 97 1
1 170 1
0
0
0
0
0
1 58 1
0
0
0
0
0
1 58 1
1 115 1
1 59 1
0
0
0
1 97 1
0
1 355 1
0
0
1 54 1
1 115 1
0
0
1 366 1
0
0
0
0
0
0
1 59 1
0
1 59 1
0
0
0
0
1 329 1
0
0
0
0
0
0
3 329 1 258 1 355 1
0
0
0
0
0
0
1 542 1
0
0
0
0
0
0
0
0
