75 13 4 18 4 19 4 36 4 38 4 63 4 85 4 86 4 87 4 92 4 99 4 102 4 104 4 115 4 117 4 129 4 143 4 148 4 156 4 164 4 46 4 173 4 174 4 182 4 189 4 192 4 197 4 201 4 203 4 207 4 211 4 214 4 216 4 218 4 237 4 240 4 241 4 249 4 85 3 113 4 263 4 290 4 332 4 351 4 38 3 86 3 102 3 129 3 164 3 173 3 189 3 203 3 207 3 214 3 355 4 363 4 365 4 369 4 416 4 432 4 451 4 239 3 246 3 257 3 314 3 324 3 466 3 143 3 366 3 496 4 507 4 521 4 528 4 355 3 590 4
13 65 1 84 1 64 1 86 1 97 1 113 1 192 1 197 1 240 1 246 1 268 1 365 1 435 1
0
0
0
0
0
0
1 86 1
0
0
0
0
1 86 1
0
1 197 1
0
0
0
0
0
0
1 365 1
0
0
1 97 1
0
0
0
1 246 1
0
0
0
0
0
0
1 268 1
1 197 1
0
0
0
0
0
1 97 1
0
0
0
0
0
1 65 1
1 435 1
1 87 1
0
0
0
1 97 1
0
1 355 1
0
0
1 113 1
2 113 1 268 1
0
0
1 113 1
0
0
0
0
0
0
1 65 1
0
2 87 1 113 1
0
0
0
0
1 87 1
0
0
0
0
0
0
3 87 1 240 1 355 1
0
0
0
0
0
0
1 192 1
0
0
0
0
0
0
0
0
