82 32 4 34 4 36 4 38 4 55 4 57 4 58 4 59 4 61 4 82 4 85 4 86 4 87 4 92 4 99 4 102 4 104 4 115 4 117 4 126 4 129 4 130 4 156 4 164 4 29 4 127 4 173 4 174 4 182 4 192 4 196 4 197 4 203 4 207 4 213 4 214 4 216 4 218 4 225 4 231 4 237 4 240 4 53 3 58 3 85 3 53 4 63 4 219 4 241 4 258 4 263 4 290 4 351 4 352 4 34 3 38 3 86 3 102 3 129 3 164 3 173 3 196 3 203 3 207 3 214 3 363 4 406 4 434 3 445 4 200 3 239 3 401 3 29 3 250 4 113 4 496 4 510 4 525 4 20 3 231 3 406 3 590 4
4 35 1 43 1 86 1 239 1
0
0
0
1 86 1
0
0
1 86 1
0
1 86 1
1 239 1
0
0
0
2 239 1 82 1
0
0
0
0
1 97 1
1 21 1
1 82 1
0
0
1 97 1
0
0
0
1 21 1
0
0
0
2 401 1 525 1
0
1 21 1
0
0
1 97 1
2 407 1 401 1
0
0
0
0
0
1 82 1
0
2 219 1 407 1
0
0
0
0
0
2 349 1 219 1
0
1 63 1
1 200 1
0
0
0
0
2 200 1 349 1
0
0
0
1 63 1
0
2 63 1 200 1
0
0
0
0
0
0
0
1 63 1
0
0
0
0
0
0
0
0
0
0
0
0
0
0
0
0
0
0
0
0
0
0
0
0
0
