77 14 4 15 4 36 4 38 4 63 4 72 4 92 4 99 4 102 4 104 4 115 4 117 4 129 4 130 4 156 4 164 4 173 4 174 4 182 4 188 4 202 4 203 4 207 4 210 4 213 4 214 4 216 4 218 4 230 4 237 4 241 4 76 4 168 4 249 4 263 4 280 4 290 4 332 4 14 3 38 3 102 3 129 3 164 3 173 3 203 3 207 3 210 3 214 3 148 4 206 4 318 4 355 4 363 4 369 4 371 4 398 4 404 4 416 4 432 4 445 4 282 3 283 3 314 3 466 3 81 3 366 3 450 3 474 4 496 4 512 4 522 4 202 3 355 3 527 3 529 3 590 4 611 4
1 31 1
0
0
0
0
0
0
0
0
1 31 1
0
1 31 1
1 116 1
0
1 116 1
2 116 1 41 1
0
0
1 99 1
1 41 1
0
1 228 1
0
0
2 99 1 390 1
0
0
1 42 1
0
2 42 1 228 1
1 97 1
0
0
1 372 1
2 97 1 42 1
0
1 398 1
0
0
2 97 1 283 1
0
0
0
0
2 283 1 565 1
0
0
0
0
0
0
0
0
0
0
0
0
0
0
0
0
0
0
0
0
0
0
0
0
0
0
0
0
0
0
0
0
0
0
0
0
0
0
0
0
0
0
0
0
0
0
0
0
0
0
0
0
0
0
0
