153 5 4 6 4 25 4 34 4 36 4 38 4 55 4 58 4 59 4 61 4 63 4 66 4 68 4 69 4 70 4 76 4 85 4 86 4 87 4 92 4 94 4 99 4 100 4 102 4 104 4 115 4 117 4 118 4 120 4 126 4 130 4 148 4 149 4 156 4 161 4 164 4 7 4 8 4 9 4 29 4 129 4 138 4 171 4 173 4 174 4 182 4 189 4 192 4 196 4 197 4 203 4 207 4 214 4 216 4 218 4 223 4 231 4 237 4 240 4 241 4 244 4 247 4 249 4 53 3 58 3 85 3 53 4 89 4 113 4 201 4 219 4 258 4 259 4 263 4 264 4 269 4 280 4 285 4 289 4 290 4 317 4 332 4 339 4 347 4 351 4 352 4 5 3 7 3 8 3 9 3 25 3 34 3 38 3 68 3 69 3 86 3 102 3 118 3 129 3 138 3 164 3 173 3 189 3 196 3 203 3 207 3 214 3 223 3 244 3 157 4 261 4 278 4 363 4 373 4 374 4 398 4 409 4 411 4 412 4 416 4 419 4 431 4 433 4 444 4 447 4 451 4 271 3 324 3 401 3 428 3 29 3 67 3 272 3 277 3 356 3 473 4 477 4 490 4 496 4 510 4 523 4 120 3 171 3 231 3 278 3 285 3 289 3 409 3 472 3 478 3 492 3 590 4 612 4
6 50 1 93 1 94 1 129 1 112 1 219 1
0
0
0
0
0
0
2 112 1 129 1
0
0
1 112 1
0
0
0
2 129 1 248 1
0
0
0
0
0
0
4 129 1 54 1 248 1 244 1
0
0
0
0
0
0
2 244 1 357 1
0
0
0
2 244 1 129 1
0
0
3 357 1 54 1 427 1
0
0
0
0
0
0
4 54 1 427 1 384 1 385 1
2 248 1 105 1
0
0
0
0
0
3 427 1 133 1 105 1
0
0
0
0
2 54 1 219 1
0
4 133 1 384 1 385 1 94 1
0
0
0
0
0
1 112 1
4 384 1 385 1 94 1 112 1
0
1 94 1
0
0
0
2 105 1 396 1
2 94 1 382 1
0
0
0
1 54 1
0
2 133 1 244 1
0
3 382 1 105 1 133 1
0
1 133 1
0
0
0
0
3 105 1 219 1 54 1
0
2 105 1 248 1
0
0
0
0
3 219 1 396 1 382 1
0
0
0
0
0
2 219 1 133 1
2 396 1 540 1
