282 5 4 6 4 13 4 14 4 15 4 18 4 19 4 25 4 32 4 34 4 36 4 38 4 55 4 57 4 58 4 59 4 61 4 63 4 66 4 68 4 69 4 70 4 72 4 76 4 82 4 85 4 86 4 87 4 89 4 90 4 91 4 92 4 94 4 99 4 100 4 102 4 104 4 115 4 117 4 118 4 120 4 121 4 126 4 129 4 130 4 135 4 138 4 143 4 148 4 149 4 153 4 156 4 157 4 161 4 164 4 7 4 8 4 9 4 29 4 46 4 111 4 127 4 168 4 171 4 173 4 174 4 182 4 188 4 189 4 192 4 196 4 197 4 201 4 202 4 203 4 205 4 207 4 210 4 211 4 213 4 214 4 216 4 218 4 223 4 225 4 230 4 231 4 237 4 240 4 241 4 244 4 247 4 249 4 250 4 53 3 58 3 85 3 53 4 113 4 219 4 258 4 259 4 263 4 264 4 269 4 280 4 285 4 289 4 290 4 291 4 315 4 317 4 331 4 332 4 337 4 339 4 347 4 351 4 352 4 5 3 7 3 8 3 9 3 14 3 25 3 34 3 38 3 68 3 69 3 86 3 102 3 111 3 118 3 129 3 135 3 138 3 153 3 157 3 164 3 173 3 189 3 196 3 203 3 205 3 207 3 210 3 214 3 223 3 244 3 206 4 261 4 278 4 318 4 355 4 360 4 362 4 363 4 365 4 369 4 371 4 373 4 374 4 397 4 398 4 399 4 404 4 406 4 409 4 411 4 412 4 416 4 419 4 421 4 430 4 431 4 432 4 433 4 444 4 445 4 446 4 447 4 451 4 180 3 200 3 235 3 239 3 246 3 253 3 257 3 270 3 271 3 276 3 282 3 283 3 291 3 314 3 324 3 334 3 340 3 380 3 387 3 389 3 393 3 401 3 402 3 410 3 414 3 428 3 441 3 442 3 466 3 29 3 67 3 81 3 143 3 162 3 215 3 220 3 272 3 277 3 335 3 356 3 366 3 388 3 450 3 468 4 473 4 474 4 477 4 479 4 482 4 488 4 490 4 496 4 497 4 502 4 503 4 507 4 510 4 511 4 512 4 514 4 521 4 522 4 523 4 524 4 525 4 526 4 528 4 555 4 95 3 101 3 120 3 171 3 185 3 192 3 252 3 20 3 202 3 231 3 278 3 285 3 289 3 304 3 343 3 355 3 399 3 406 3 409 3 446 3 472 3 478 3 492 3 495 3 527 3 529 3 530 3 267 4 590 4 605 4 611 4 612 4
3 1 1 144 1 513 1
0
0
0
0
0
0
0
0
2 144 1 5 1
0
0
0
0
0
0
0
0
0
2 5 1 118 1
0
0
0
0
0
0
0
0
0
2 118 1 94 1
0
0
0
0
0
0
0
0
0
2 94 1 112 1
0
0
0
0
0
0
0
0
0
1 246 1
0
0
0
0
0
0
0
0
0
1 133 1
0
0
0
0
0
0
0
0
0
1 382 1
0
0
0
0
0
0
0
0
0
1 226 1
0
0
0
0
0
0
0
0
0
1 417 1
0
0
0
0
0
0
0
0
0
1 396 1
