76 15 4 22 2 29 4 68 2 73 2 76 4 92 4 104 4 148 4 156 4 173 4 174 4 175 2 182 4 189 4 197 4 202 4 203 4 207 4 213 4 214 4 216 4 218 4 230 4 231 4 237 4 241 4 246 2 14 2 113 4 115 4 219 4 263 4 267 2 275 2 290 4 320 2 331 4 14 3 34 3 38 3 68 3 102 3 164 3 173 3 189 3 203 3 207 3 214 3 14 4 164 4 312 2 363 4 378 2 412 4 437 2 445 4 447 4 210 3 235 3 246 3 402 3 29 3 34 2 277 3 388 3 287 2 496 4 497 4 505 2 520 3 202 3 231 3 267 4 580 2 590 4
2 33 1 45 1
0
0
0
0
1 75 1
0
1 75 1
1 77 1
0
0
2 115 1 235 1
0
0
1 77 1
0
1 115 1
0
0
1 345 1
0
1 235 1
1 363 1
0
0
0
0
1 230 1
1 34 1
0
1 113 1
0
0
1 34 1
0
1 113 1
0
0
1 219 1
0
0
1 312 1
1 219 1
0
1 76 1
0
0
0
0
1 76 1
0
0
0
0
0
0
0
0
0
0
0
0
0
0
0
0
0
0
0
0
0
0
0
0
0
0
0
0
0
0
0
0
0
0
0
0
0
0
0
0
0
0
0
0
0
0
0
0
0
0
