63 15 4 29 4 70 4 76 4 92 4 104 4 148 4 156 4 173 4 174 4 182 4 189 4 197 4 202 4 203 4 207 4 210 4 213 4 214 4 216 4 218 4 230 4 231 4 237 4 241 4 249 4 113 4 115 4 219 4 263 4 290 4 331 4 14 3 34 3 38 3 68 3 102 3 164 3 173 3 189 3 203 3 207 3 210 3 214 3 14 4 164 4 363 4 412 4 445 4 447 4 235 3 246 3 402 3 29 3 277 3 388 3 496 4 497 4 520 3 202 3 231 3 267 4 590 4
5 33 1 45 1 75 1 115 1 77 1
0
0
0
0
1 75 1
0
1 75 1
1 77 1
0
0
2 115 1 235 1
0
0
1 77 1
0
0
2 115 1 182 1
0
0
0
1 345 1
1 235 1
0
0
1 363 1
0
0
0
0
1 34 1
1 230 1
0
0
0
1 113 1
0
0
1 113 1
1 34 1
0
0
0
0
0
1 219 1
1 219 1
0
0
1 312 1
0
0
0
1 76 1
1 76 1
0
0
0
0
0
0
0
0
0
0
0
0
0
0
0
0
0
0
0
0
0
0
0
0
0
0
0
0
0
0
0
0
0
0
0
0
0
0
0
0
0
0
0
0
0
