89 7 4 9 4 15 4 29 4 46 4 63 4 70 4 89 4 91 4 92 4 104 4 111 4 126 4 129 4 156 4 173 4 174 4 182 4 189 4 197 4 203 4 205 4 207 4 210 4 213 4 214 4 216 4 218 4 223 4 231 4 237 4 241 4 249 4 53 3 53 4 263 4 264 4 280 4 290 4 315 4 332 4 5 3 7 3 9 3 25 3 34 3 38 3 68 3 69 3 102 3 111 3 129 3 157 3 164 3 173 3 189 3 203 3 205 3 207 3 210 3 214 3 223 3 76 4 157 4 164 4 261 4 307 3 317 4 360 4 363 4 374 4 411 4 416 4 421 4 431 4 445 4 257 3 29 3 67 3 488 4 496 4 510 4 519 3 523 4 528 4 343 3 267 4 590 4 612 4
7 33 1 43 1 52 1 108 1 360 1 38 1 284 1
0
0
1 108 1
0
1 108 1
0
0
0
1 52 1
0
1 52 1
1 98 1
0
0
0
0
0
0
1 172 1
1 98 1
0
0
1 111 1
0
0
0
0
0
0
2 172 1 129 1
0
0
0
2 436 1 488 1
0
0
0
0
0
0
1 53 1
1 436 1
0
1 129 1
1 205 1
0
1 53 1
0
0
0
0
1 38 1
0
0
1 517 1
1 284 1
0
0
1 53 1
1 205 1
0
0
0
0
0
0
0
1 38 1
0
0
0
0
1 284 1
0
0
0
0
0
0
0
0
0
0
0
0
0
0
0
0
0
0
0
0
0
0
0
0
0
0
