94 7 4 8 4 9 4 15 4 29 4 57 4 63 4 70 4 91 4 92 4 104 4 111 4 129 4 156 4 168 4 173 4 174 4 182 4 189 4 197 4 203 4 205 4 207 4 210 4 213 4 214 4 216 4 218 4 223 4 231 4 237 4 241 4 247 4 53 4 58 4 59 4 76 4 85 4 87 4 240 4 249 4 263 4 264 4 280 4 290 4 351 4 352 4 7 3 8 3 9 3 34 3 38 3 102 3 111 3 129 3 164 3 173 3 189 3 203 3 205 3 207 3 210 3 214 3 223 3 164 4 363 4 369 4 374 4 411 4 416 4 421 4 445 4 447 4 451 4 253 3 270 3 282 3 387 3 389 3 401 3 29 3 162 3 250 4 468 4 496 4 497 4 514 4 526 4 231 3 271 3 304 3 343 3 590 4 612 4
4 10 1 98 1 111 1 193 1
0
0
1 111 1
1 111 1
0
1 98 1
0
0
0
1 98 1
1 154 1
1 154 1
0
0
0
1 270 1
1 154 1
1 270 1
0
1 266 1
0
0
0
0
0
0
1 21 1
0
0
0
1 156 1
0
0
0
1 389 1
1 266 1
1 156 1
0
0
0
1 133 1
0
0
0
1 226 1
0
2 133 1 156 1
0
1 382 1
0
0
0
0
0
1 304 1
0
0
1 133 1
0
0
0
0
0
0
0
0
0
0
0
0
0
0
0
0
0
0
0
0
0
0
0
0
0
0
0
0
0
0
0
0
0
0
0
0
0
0
0
0
0
