87 8 4 9 4 29 4 60 2 76 4 91 4 92 4 104 4 113 2 117 2 129 4 148 4 156 4 168 4 173 4 174 4 182 4 202 4 203 4 205 4 207 4 213 4 214 4 216 4 218 4 223 4 230 4 237 4 241 4 113 4 115 4 219 4 263 4 264 4 280 4 290 4 318 2 332 4 5 3 8 3 9 3 14 3 38 3 102 3 129 3 164 3 173 3 203 3 205 3 207 3 214 3 223 3 14 4 103 2 164 4 227 2 282 2 318 4 355 4 363 4 369 4 374 4 405 2 409 4 445 4 450 2 253 3 282 3 314 3 466 3 29 3 81 3 366 3 450 3 146 2 264 2 409 2 496 4 512 4 522 4 202 3 355 3 409 3 366 2 590 4 611 4 612 4
1 33 1
0
0
0
0
1 48 1
0
1 48 1
1 4 1
0
0
0
0
3 113 1 115 1 219 1
1 4 1
0
1 183 1
0
0
0
0
4 113 1 115 1 219 1 226 1
0
0
1 318 1
0
0
0
1 226 1
1 97 1
0
0
1 129 1
0
0
1 129 1
0
1 38 1
0
0
1 405 1
0
1 97 1
0
0
0
0
0
0
1 38 1
0
0
0
0
0
0
0
0
0
0
0
0
0
0
0
0
0
0
0
0
0
0
0
0
0
0
0
0
0
0
0
0
0
0
0
0
0
0
0
0
0
0
0
0
0
0
0
0
0
0
