79 8 4 9 4 29 4 63 4 76 4 91 4 92 4 104 4 129 4 148 4 156 4 168 4 173 4 174 4 182 4 202 4 203 4 205 4 207 4 213 4 214 4 216 4 218 4 223 4 230 4 237 4 241 4 113 4 115 4 219 4 263 4 264 4 280 4 290 4 332 4 5 3 8 3 9 3 14 3 38 3 102 3 129 3 164 3 173 3 203 3 205 3 207 3 214 3 223 3 14 4 70 4 164 4 249 4 318 4 355 4 363 4 369 4 374 4 409 4 411 4 416 4 445 4 253 3 282 3 314 3 466 3 29 3 81 3 366 3 450 3 496 4 512 4 522 4 202 3 355 3 409 3 590 4 611 4 612 4
3 33 1 48 1 4 1
0
0
0
0
1 48 1
0
1 48 1
1 4 1
0
0
0
0
3 113 1 115 1 219 1
1 4 1
0
1 183 1
0
0
0
0
0
0
4 113 1 115 1 219 1 226 1
0
0
0
0
1 318 1
0
0
0
1 226 1
0
0
1 97 1
0
0
0
0
1 129 1
1 129 1
0
0
0
0
0
1 38 1
0
0
1 97 1
0
1 405 1
0
0
0
0
0
0
1 38 1
0
0
0
0
0
0
0
0
0
0
0
0
0
0
0
0
0
0
0
0
0
0
0
0
0
0
0
0
0
0
0
0
0
0
0
0
0
0
0
0
