66 19 4 63 4 92 4 104 4 129 4 156 4 168 4 173 4 174 4 182 4 197 4 202 4 203 4 207 4 211 4 213 4 214 4 216 4 218 4 237 4 241 4 188 4 240 4 247 4 259 4 263 4 269 4 289 4 290 4 332 4 38 3 102 3 129 3 164 3 173 3 203 3 207 3 214 3 164 4 355 4 363 4 365 4 369 4 371 4 399 4 404 4 416 4 432 4 445 4 239 3 253 3 257 3 314 3 428 3 466 3 143 3 162 3 366 3 474 4 496 4 512 4 202 3 289 3 355 3 399 3 590 4
5 48 1 103 1 141 1 310 1 440 1
0
0
1 48 1
1 48 1
2 48 1 310 1
0
1 310 1
1 310 1
0
2 310 1 48 1
1 44 1
1 44 1
0
1 17 1
1 44 1
1 17 1
0
1 109 1
0
2 17 1 109 1
0
0
1 129 1
0
0
1 314 1
2 109 1 314 1
0
1 17 1
0
0
2 212 1 512 1
0
1 314 1
0
0
1 212 1
2 305 1 512 1
0
0
2 212 1 305 1
0
0
2 114 1 305 1
0
1 114 1
0
1 305 1
0
2 403 1 114 1
1 403 1
0
0
1 114 1
1 114 1
1 403 1
0
0
0
0
0
0
0
0
0
0
0
0
0
0
0
0
0
0
0
0
0
0
0
0
0
0
0
0
0
0
0
0
0
0
0
0
0
0
0
0
0
0
0
