60 13 4 18 4 19 4 36 4 38 4 92 4 99 4 102 4 104 4 115 4 117 4 129 4 143 4 156 4 164 4 168 4 173 4 174 4 182 4 189 4 197 4 203 4 207 4 211 4 213 4 214 4 216 4 218 4 237 4 241 4 240 4 263 4 290 4 332 4 38 3 102 3 129 3 164 3 173 3 189 3 203 3 207 3 214 3 355 4 363 4 365 4 369 4 432 4 445 4 239 3 253 3 257 3 314 3 466 3 366 3 496 4 526 4 143 3 355 3 590 4
3 16 1 28 1 33 1
0
0
0
1 28 1
0
0
0
1 16 1
0
0
1 98 1
1 98 1
0
1 98 1
0
1 18 1
0
0
1 18 1
1 18 1
1 239 1
1 18 1
0
0
0
2 17 1 297 1
0
0
0
1 17 1
1 97 1
1 17 1
1 297 1
0
0
1 17 1
0
0
1 97 1
0
1 355 1
1 97 1
0
0
0
1 366 1
0
1 119 1
0
0
1 119 1
0
0
1 119 1
0
1 403 1
0
0
0
0
1 542 1
0
0
0
0
0
0
0
0
0
0
0
0
0
0
0
0
0
0
0
0
0
0
0
0
0
0
0
0
0
0
0
0
0
0
0
0
0
0
