69 48 2 57 4 87 4 92 4 103 2 104 4 127 4 148 4 156 4 173 4 174 4 175 2 182 4 192 4 203 4 207 4 213 4 214 4 216 4 218 4 237 4 240 4 250 4 58 3 85 3 58 4 59 4 85 4 133 2 258 4 263 4 290 4 291 4 351 4 352 4 38 3 86 3 102 3 164 3 173 3 203 3 207 3 214 3 54 2 60 2 86 4 97 2 164 4 250 2 362 4 363 4 445 4 451 4 196 3 291 3 324 3 340 3 389 3 215 3 351 2 352 2 362 2 496 4 503 4 521 4 528 4 487 2 590 4 605 4
4 86 1 145 1 48 1 55 1
0
0
0
1 48 1
1 86 1
0
0
1 175 1
0
0
3 55 1 109 1 145 1
1 175 1
0
0
0
2 55 1 109 1
0
0
1 209 1
0
0
1 36 1
0
1 209 1
0
0
2 61 1 486 1
1 109 1
0
2 324 1 61 1
0
0
2 435 1 324 1
0
0
1 36 1
0
2 392 1 435 1
0
1 56 1
2 56 1 392 1
0
0
2 268 1 56 1
0
1 569 1
0
1 268 1
1 268 1
0
0
0
0
0
0
0
0
0
0
0
0
0
0
0
0
0
0
0
0
0
0
0
0
0
0
0
0
0
0
0
0
0
0
0
0
0
0
0
0
0
0
0
0
0
0
0
0
0
0
