83 3 2 29 4 87 4 92 4 104 4 111 4 117 2 129 4 148 4 156 4 173 4 174 4 179 2 182 4 189 4 192 4 197 4 203 4 205 4 207 4 213 4 214 4 216 4 217 2 218 4 227 2 231 4 237 4 240 4 85 3 85 4 113 4 263 4 268 2 273 2 290 4 351 4 5 3 25 3 34 3 38 3 68 3 69 3 86 3 102 3 111 3 129 3 164 3 173 3 189 3 203 3 205 3 207 3 214 3 344 6 9 2 86 4 164 4 252 2 321 2 363 4 374 4 445 4 447 4 451 4 253 3 270 3 324 3 393 3 29 3 175 2 203 2 381 2 496 4 497 4 516 2 521 4 528 4 231 3 343 3 344 2 574 2 590 4
2 84 1 204 1
0
0
0
1 39 1
1 39 1
0
1 86 1
0
2 86 1 186 1
1 186 1
0
2 186 1 86 1
0
0
0
0
1 417 1
0
0
0
0
0
0
0
0
0
0
0
0
0
0
0
0
0
0
0
0
0
0
0
0
0
0
0
0
0
0
0
0
0
0
0
0
0
0
0
0
0
0
0
0
0
0
0
0
0
0
0
0
0
0
0
0
0
0
0
0
0
0
0
0
0
0
0
0
0
0
0
0
0
0
0
0
0
0
0
0
0
0
