100 29 4 76 4 92 4 94 4 104 4 111 4 126 4 138 4 148 4 156 4 171 4 173 4 174 4 182 4 185 2 189 4 192 4 195 2 196 4 197 4 203 4 205 4 207 4 213 4 214 4 216 4 217 2 218 4 237 4 240 4 241 4 244 4 247 4 53 3 53 4 91 4 113 4 115 4 219 4 263 4 273 2 290 4 313 2 351 4 352 4 5 3 25 3 34 3 38 3 68 3 69 3 86 3 102 3 111 3 138 3 164 3 173 3 189 3 196 3 203 3 205 3 207 3 214 3 244 3 86 4 164 4 278 4 343 2 356 2 363 4 374 4 387 2 445 4 447 4 253 3 270 3 283 3 340 3 387 3 29 3 215 3 220 3 272 3 277 3 356 3 214 2 386 2 445 2 496 4 497 4 510 4 526 4 528 4 171 3 278 3 304 3 343 3 505 2 581 2 590 4
2 47 1 204 1
0
0
1 111 1
1 111 1
0
0
0
1 1 1
0
0
0
1 186 1
1 186 1
0
0
1 383 1
0
0
0
0
0
0
0
0
0
0
0
0
0
0
0
0
0
0
0
0
0
0
0
0
0
0
0
0
0
0
0
0
0
0
0
0
0
0
0
0
0
0
0
0
0
0
0
0
0
0
0
0
0
0
0
0
0
0
0
0
0
0
0
0
0
0
0
0
0
0
0
0
0
0
0
0
0
0
0
0
0
0
0
