69 29 4 34 2 36 2 85 2 87 4 92 4 103 2 104 4 111 4 115 2 129 4 148 4 156 4 173 4 174 4 182 4 192 4 203 4 207 4 213 4 214 4 216 4 218 4 219 2 231 4 237 4 240 4 85 3 85 4 113 4 263 4 268 2 290 4 316 2 351 4 34 3 38 3 86 3 102 3 111 3 129 3 164 3 173 3 203 3 207 3 214 3 28 2 86 4 164 4 260 2 363 4 445 4 451 4 324 3 393 3 29 3 215 3 97 2 219 4 231 2 495 2 496 4 497 4 528 4 231 3 495 3 590 4 598 2 604 2
2 33 1 45 1
0
0
1 86 1
1 45 1
0
0
1 84 1
1 84 1
1 84 1
1 178 1
0
0
1 86 1
1 268 1
1 86 1
0
1 36 1
1 178 1
0
0
1 486 1
2 178 1 268 1
0
1 109 1
0
0
2 435 1 486 1
1 408 1
1 113 1
0
3 324 1 538 1 435 1
0
0
0
1 538 1
3 87 1 113 1 435 1
0
1 324 1
0
2 408 1 324 1
0
1 113 1
0
0
2 87 1 113 1
0
0
0
1 408 1
0
0
0
0
1 87 1
0
0
0
0
0
0
0
0
0
0
0
0
0
0
0
0
0
0
0
0
0
0
0
0
0
0
0
0
0
0
0
0
0
0
0
0
0
0
0
0
0
0
0
0
0
