82 8 4 29 4 57 4 59 4 63 4 70 4 92 4 104 4 111 4 127 4 129 4 156 4 173 4 174 4 182 4 189 4 196 4 203 4 205 4 207 4 213 4 214 4 216 4 218 4 223 4 231 4 237 4 240 4 249 4 250 4 58 3 58 4 91 4 258 4 263 4 264 4 280 4 290 4 291 4 352 4 5 3 8 3 25 3 34 3 38 3 69 3 102 3 111 3 129 3 164 3 173 3 189 3 196 3 203 3 205 3 207 3 214 3 223 3 164 4 363 4 374 4 411 4 416 4 445 4 447 4 270 3 276 3 282 3 291 3 401 3 29 3 113 4 496 4 503 4 523 4 526 4 231 3 304 3 340 3 343 3 590 4 612 4
6 33 1 39 1 55 1 111 1 145 1 346 1
2 111 1 39 1
1 111 1
0
1 346 1
1 39 1
2 39 1 55 1
0
0
3 55 1 111 1 205 1
0
0
1 61 1
0
1 205 1
1 270 1
0
0
0
1 61 1
1 401 1
0
0
1 61 1
2 61 1 38 1
0
1 392 1
0
0
0
1 392 1
0
1 38 1
1 38 1
1 240 1
1 38 1
0
0
0
1 240 1
0
1 276 1
0
0
1 240 1
1 56 1
1 401 1
1 240 1
0
1 583 1
0
0
0
1 56 1
0
0
1 56 1
0
0
0
0
0
0
0
0
0
0
0
0
0
0
0
0
0
0
0
0
0
0
0
0
0
0
0
0
0
0
0
0
0
0
0
0
0
0
0
0
0
0
0
