95 7 4 8 4 9 4 29 4 70 4 89 4 91 4 92 4 104 4 111 4 120 2 156 4 168 4 173 4 174 4 182 4 189 4 201 4 203 4 205 4 207 4 213 4 214 4 216 4 218 4 223 4 237 4 241 4 244 4 249 4 263 4 264 4 269 4 280 4 290 4 317 4 347 4 5 3 7 3 8 3 9 3 25 3 34 3 38 3 68 3 69 3 102 3 111 3 153 3 157 3 164 3 173 3 189 3 203 3 205 3 207 3 214 3 223 3 244 3 29 2 106 2 111 2 153 4 157 4 164 4 205 2 259 4 328 2 363 4 374 4 397 4 444 4 445 4 446 4 270 3 389 3 414 3 29 3 67 3 272 3 335 3 174 2 203 2 446 2 479 4 496 4 523 4 120 3 343 3 446 3 492 3 495 3 267 4 590 4 612 4
6 88 1 102 1 67 1 175 1 383 1 452 1
0
0
0
1 175 1
1 175 1
0
1 67 1
2 175 1 67 1
1 175 1
0
1 88 1
0
1 88 1
2 21 1 102 1
0
2 67 1 102 1
0
2 67 1 185 1
0
0
2 335 1 317 1
0
0
2 157 1 185 1
1 335 1
0
1 157 1
1 157 1
1 317 1
0
0
3 335 1 157 1 68 1
0
0
1 389 1
1 185 1
1 21 1
0
1 38 1
2 185 1 389 1
0
1 444 1
0
0
2 21 1 38 1
1 359 1
0
2 21 1 359 1
0
0
0
0
0
0
0
1 38 1
0
0
0
0
0
0
0
0
0
0
0
0
0
0
0
0
0
0
0
0
0
0
0
0
0
0
0
0
0
0
0
0
0
0
0
0
0
0
0
0
0
0
0
