78 8 4 29 4 57 4 59 4 63 4 70 4 89 4 92 4 94 4 104 4 111 4 127 4 156 4 168 4 173 4 174 4 182 4 189 4 196 4 197 4 203 4 207 4 213 4 214 4 216 4 218 4 223 4 237 4 240 4 249 4 250 4 58 3 58 4 91 4 258 4 263 4 264 4 280 4 290 4 291 4 352 4 5 3 25 3 34 3 38 3 68 3 69 3 102 3 111 3 118 3 164 3 173 3 189 3 196 3 203 3 207 3 214 3 223 3 164 4 363 4 371 4 374 4 411 4 416 4 445 4 270 3 291 3 340 3 29 3 496 4 497 4 503 4 523 4 8 3 283 3 304 3 590 4 612 4
5 3 1 55 1 95 1 195 1 61 1
0
0
0
0
0
0
0
0
0
0
0
0
0
0
0
0
0
0
0
0
0
0
0
0
0
1 207 1
0
0
0
0
0
0
0
1 195 1
0
1 340 1
0
0
0
0
0
1 340 1
0
0
0
0
1 304 1
0
0
1 207 1
0
1 207 1
0
0
0
0
0
0
0
0
0
0
0
0
0
0
0
0
0
0
0
0
0
0
0
0
0
0
0
0
0
0
0
0
0
0
0
0
0
0
0
0
0
0
0
0
0
0
0
