70 6 2 29 4 38 2 45 2 76 4 92 4 93 2 104 4 111 4 115 2 133 2 148 4 156 4 173 4 174 4 182 4 202 4 203 4 207 4 213 4 214 4 216 4 218 4 227 2 230 4 237 4 241 4 244 2 263 4 270 2 290 4 331 4 332 4 14 3 38 3 102 3 111 3 164 3 173 3 203 3 207 3 214 3 14 4 164 4 312 2 318 4 363 4 369 4 388 2 412 4 445 4 447 4 235 3 270 3 340 3 402 3 29 3 388 3 115 4 203 2 244 4 402 2 496 4 512 4 538 2 202 3 580 2 590 4 605 4 611 4
2 150 1 235 1
0
0
1 235 1
2 39 1 235 1
1 39 1
1 39 1
1 33 1
0
2 33 1 584 1
0
1 77 1
1 77 1
1 78 1
1 78 1
1 79 1
1 79 1
0
1 331 1
1 73 1
0
1 73 1
0
0
2 178 1 72 1
0
0
2 178 1 512 1
0
1 72 1
2 369 1 476 1
0
0
2 388 1 178 1
0
0
2 202 1 369 1
0
0
2 340 1 388 1
0
0
2 262 1 202 1
0
0
1 340 1
0
0
1 262 1
0
0
0
0
0
0
0
0
0
0
0
0
0
0
0
0
0
0
0
0
0
0
0
0
0
0
0
0
0
0
0
0
0
0
0
0
0
0
0
0
0
0
0
0
0
0
0
0
0
0
0
