91 34 4 36 4 38 4 55 4 59 4 61 4 85 4 87 4 91 4 92 4 99 4 102 4 104 4 117 4 129 4 130 4 156 4 164 4 29 4 44 2 68 2 103 2 111 4 154 2 168 4 172 2 173 4 174 4 179 2 182 4 189 4 196 4 203 4 207 4 213 4 214 4 216 4 218 4 231 4 237 4 241 4 247 4 249 4 15 4 58 4 207 2 240 4 253 2 263 4 269 4 290 4 351 4 34 3 38 3 68 3 86 3 102 3 111 3 129 3 164 3 173 3 189 3 196 3 203 3 207 3 214 3 86 4 363 4 365 4 369 4 382 2 387 2 445 4 447 4 451 4 283 3 387 3 389 3 428 3 29 3 162 3 279 2 496 4 514 4 515 2 526 4 528 4 231 3 253 3 343 3 590 4
2 33 1 39 1
0
0
1 98 1
0
0
2 98 1 116 1
0
0
1 44 1
0
0
2 158 1 228 1
1 158 1
0
1 158 1
0
0
1 389 1
1 116 1
0
1 242 1
1 116 1
0
1 372 1
0
1 228 1
1 162 1
0
0
1 38 1
0
0
2 162 1 283 1
0
0
0
0
0
0
1 283 1
0
0
0
0
0
0
0
0
0
0
0
0
0
0
0
0
0
0
0
0
0
0
0
0
0
0
0
0
0
0
0
0
0
0
0
0
0
0
0
0
0
0
0
0
0
0
0
0
0
0
0
0
0
0
0
0
0
0
0
