117 3 2 7 4 8 4 9 4 15 4 21 2 29 4 68 2 70 4 87 4 92 4 97 2 103 2 104 4 111 4 129 4 138 4 156 4 168 4 171 4 173 4 174 4 180 2 182 4 189 4 192 4 197 4 203 4 207 4 210 4 213 4 214 4 216 4 218 4 223 4 228 2 231 4 237 4 241 4 247 4 249 4 251 2 85 3 76 4 85 4 91 4 240 4 263 4 264 4 269 4 280 4 289 4 290 4 332 4 351 4 352 4 5 3 7 3 8 3 9 3 25 3 34 3 38 3 68 3 69 3 86 3 102 3 111 3 118 3 129 3 138 3 164 3 173 3 189 3 203 3 207 3 210 3 214 3 223 3 86 4 164 4 252 2 340 2 343 2 363 4 369 4 371 4 374 4 421 4 445 4 447 4 180 3 253 3 282 3 340 3 387 3 402 3 441 3 29 3 67 3 272 3 279 2 415 2 468 4 490 4 496 4 512 4 514 4 526 4 171 3 231 3 289 3 343 3 492 3 501 2 590 4 612 4
2 10 1 39 1
0
0
1 28 1
0
1 28 1
0
1 310 1
0
0
1 226 1
1 226 1
1 310 1
0
1 321 1
0
0
2 226 1 154 1
1 154 1
0
0
1 129 1
0
0
2 321 1 103 1
0
1 129 1
0
1 97 1
0
1 154 1
1 458 1
0
0
0
2 103 1 374 1
0
1 129 1
1 417 1
0
0
0
2 103 1 387 1
0
0
1 97 1
0
0
0
1 97 1
0
0
0
0
0
0
0
0
0
0
0
0
0
0
0
0
0
0
0
0
0
0
0
0
0
0
0
0
0
0
0
0
0
0
0
0
0
0
0
0
0
0
0
0
0
0
0
0
0
0
