67 18 2 29 4 76 4 92 4 104 4 129 4 141 2 148 4 156 4 168 4 173 4 174 4 179 2 182 4 197 4 202 4 203 4 207 4 213 4 214 4 216 4 218 4 237 4 241 4 94 4 211 4 247 4 263 4 290 4 318 2 324 2 332 4 38 3 102 3 129 3 138 3 164 3 173 3 203 3 207 3 214 3 138 4 164 4 185 2 228 2 318 4 355 4 363 4 364 2 369 4 432 4 445 4 246 3 253 3 314 3 324 3 466 3 29 3 81 3 366 3 450 3 38 2 290 2 496 4 202 3 355 3 590 4
2 33 1 193 1
0
0
0
0
1 98 1
1 98 1
0
0
0
1 104 1
1 104 1
1 104 1
1 49 1
0
0
2 49 1 197 1
0
1 49 1
0
0
1 48 1
1 95 1
0
1 197 1
0
1 253 1
1 197 1
0
1 228 1
1 48 1
0
1 246 1
1 253 1
0
0
3 129 1 17 1 253 1
1 95 1
1 17 1
0
0
0
2 103 1 17 1
0
1 48 1
1 103 1
0
0
2 103 1 369 1
1 103 1
0
0
0
1 403 1
0
0
1 405 1
0
0
0
0
0
0
0
0
0
0
0
0
0
0
0
0
0
0
0
0
0
0
0
0
0
0
0
0
0
0
0
0
0
0
0
0
0
0
0
0
0
0
0
