86 8 4 29 4 34 2 57 4 89 4 91 4 92 4 104 4 111 4 148 4 156 4 173 4 174 4 182 4 188 4 189 4 201 4 203 4 205 4 207 4 213 4 214 4 216 4 218 4 219 2 223 4 231 4 237 4 240 4 246 2 249 4 250 4 58 3 58 4 59 4 127 4 174 2 254 2 255 2 256 2 258 4 263 4 290 4 291 4 300 2 352 4 8 3 34 3 38 3 102 3 111 3 164 3 173 3 189 3 203 3 205 3 207 3 214 3 223 3 24 2 68 2 164 4 227 2 363 4 445 4 196 3 246 3 291 3 401 3 414 3 29 3 105 2 214 2 219 4 482 4 491 2 495 2 496 4 503 4 523 4 231 3 495 3 385 2 590 4 598 2 611 4
2 39 1 55 1
0
0
0
1 300 1
0
0
0
1 341 1
0
1 21 1
0
0
0
1 21 1
1 341 1
0
0
1 426 1
0
1 133 1
0
1 133 1
0
0
0
0
0
1 281 1
0
2 89 1 281 1
0
1 89 1
0
0
1 89 1
1 240 1
0
0
0
1 240 1
0
2 54 1 114 1
0
0
0
1 330 1
0
0
0
2 54 1 114 1
0
0
0
0
0
0
0
0
0
0
0
0
0
0
0
0
0
0
0
0
0
0
0
0
0
0
0
0
0
0
0
0
0
0
0
0
0
0
0
0
0
0
0
0
0
0
0
0
0
