76 15 4 29 4 63 4 92 4 94 4 104 4 129 4 138 4 148 4 156 4 171 4 173 4 174 4 182 4 189 4 192 4 197 4 203 4 207 4 213 4 214 4 216 4 218 4 231 4 237 4 240 4 241 4 244 4 247 4 91 4 113 4 115 4 263 4 285 4 290 4 347 4 34 3 38 3 102 3 129 3 138 3 164 3 173 3 189 3 203 3 207 3 214 3 244 3 164 4 363 4 416 4 433 4 445 4 447 4 270 3 271 3 324 3 387 3 428 3 29 3 215 3 277 3 473 4 477 4 496 4 497 4 514 4 526 4 171 3 231 3 285 3 304 3 343 3 478 3 590 4 605 4
3 33 1 39 1 270 1
0
0
0
1 28 1
0
0
1 28 1
1 93 1
0
0
0
1 98 1
0
1 93 1
1 93 1
1 129 1
0
0
1 60 1
1 60 1
1 98 1
1 98 1
0
1 248 1
0
0
0
2 129 1 244 1
1 129 1
0
0
1 234 1
0
0
1 60 1
1 94 1
0
0
0
1 387 1
1 244 1
1 248 1
0
1 384 1
0
1 94 1
0
0
1 387 1
0
1 234 1
0
0
0
0
1 244 1
0
0
0
0
0
0
1 94 1
0
0
0
0
0
0
1 234 1
0
0
0
0
0
0
1 384 1
0
0
0
0
0
0
0
0
0
0
0
0
0
0
0
0
0
0
0
0
0
0
