73 15 4 29 4 63 4 92 4 94 4 104 4 129 4 138 4 148 4 156 4 171 4 173 4 174 4 182 4 189 4 192 4 197 4 203 4 207 4 213 4 214 4 216 4 218 4 231 4 237 4 240 4 241 4 244 4 247 4 91 4 259 4 263 4 269 4 289 4 290 4 34 3 38 3 102 3 129 3 138 3 164 3 173 3 189 3 203 3 207 3 214 3 244 3 164 4 363 4 371 4 399 4 416 4 445 4 180 3 270 3 387 3 389 3 29 3 215 3 496 4 497 4 514 4 526 4 555 4 171 3 231 3 289 3 304 3 343 3 399 3 472 3 492 3 590 4
3 33 1 39 1 270 1
0
0
0
1 28 1
0
0
1 28 1
1 228 1
0
0
0
1 98 1
0
1 228 1
1 228 1
1 109 1
0
0
1 185 1
1 185 1
1 98 1
1 98 1
0
1 372 1
0
0
0
2 109 1 103 1
1 109 1
0
0
1 236 1
0
0
1 185 1
1 212 1
0
0
0
1 387 1
1 212 1
1 372 1
0
1 385 1
0
1 103 1
0
0
1 387 1
0
1 236 1
0
0
0
0
1 212 1
0
0
0
0
0
0
1 103 1
0
0
0
0
0
0
1 236 1
0
0
0
0
0
0
1 385 1
0
0
0
0
0
0
0
0
0
0
0
0
0
0
0
0
0
0
0
0
0
0
