97 29 4 87 4 92 4 94 4 103 2 104 4 111 4 129 4 138 4 148 4 156 4 168 4 171 4 173 4 174 4 182 4 192 4 194 2 203 4 207 4 213 4 214 4 216 4 218 4 237 4 240 4 241 4 244 4 247 4 85 3 85 4 244 2 259 4 263 4 269 4 285 4 286 2 289 4 290 4 332 4 347 4 351 4 38 3 86 3 102 3 111 3 129 3 138 3 164 3 173 3 203 3 207 3 214 3 244 3 86 4 164 4 174 2 180 2 261 4 262 2 363 4 371 4 373 4 389 2 399 4 425 2 433 4 445 4 451 4 466 2 180 3 196 3 253 3 271 3 389 3 466 3 29 3 215 3 220 3 277 3 417 2 285 2 472 2 477 4 496 4 497 4 171 3 285 3 289 3 304 3 399 3 472 3 478 3 492 3 382 2 590 4 605 4
2 45 1 149 1
0
0
0
1 180 1
1 180 1
0
0
0
1 310 1
1 310 1
1 109 1
0
1 109 1
0
0
1 109 1
0
1 212 1
0
0
0
3 212 1 60 1 506 1
0
0
0
1 60 1
2 220 1 60 1
0
1 60 1
0
2 371 1 220 1
0
0
0
1 220 1
3 220 1 247 1 371 1
0
0
0
2 195 1 247 1
0
0
0
1 195 1
2 195 1 288 1
0
0
0
2 408 1 288 1
0
0
1 288 1
0
1 408 1
0
0
0
0
0
0
0
0
0
0
0
0
0
0
0
0
0
0
0
0
0
0
0
0
0
0
0
0
0
0
0
0
0
0
0
0
0
0
0
0
0
0
0
0
0
