78 29 4 42 2 70 4 76 4 92 4 104 4 111 4 115 2 129 2 156 4 173 4 174 4 175 2 182 4 202 4 203 4 205 4 207 4 213 4 214 4 216 4 218 4 230 4 237 4 241 4 249 4 68 2 89 4 91 4 113 4 115 4 201 4 263 4 290 4 328 2 34 3 38 3 68 3 102 3 111 3 153 3 157 3 164 3 173 3 203 3 205 3 207 3 214 3 38 2 153 4 157 4 164 4 279 2 317 4 360 4 363 4 371 4 390 2 445 4 446 4 334 3 29 3 81 3 220 3 356 3 379 2 450 3 203 2 446 2 474 4 496 4 522 4 523 4 120 3 202 3 446 3 529 3 590 4
2 33 1 182 1
0
0
0
0
1 120 1
0
1 120 1
2 36 1 450 1
0
0
2 229 1 36 1
0
0
1 36 1
0
2 117 1 229 1
0
0
2 363 1 117 1
0
1 229 1
2 191 1 363 1
0
0
0
0
2 371 1 191 1
1 117 1
0
2 153 1 371 1
0
0
2 334 1 153 1
0
1 153 1
0
0
2 360 1 334 1
0
0
2 38 1 360 1
1 191 1
0
1 38 1
0
0
0
0
1 38 1
0
0
0
0
0
0
0
0
0
0
0
0
0
0
0
0
0
0
0
0
0
0
0
0
0
0
0
0
0
0
0
0
0
0
0
0
0
0
0
0
0
0
0
0
0
0
0
0
0
0
