97 13 2 15 4 17 2 29 4 68 2 70 4 92 4 104 4 129 4 156 4 168 4 173 4 174 4 182 4 188 4 197 4 201 4 203 4 207 4 210 4 213 4 214 4 216 4 218 4 231 4 232 2 237 4 241 4 249 4 89 4 91 4 211 4 240 4 263 4 290 4 317 4 328 2 332 4 14 3 38 3 68 3 102 3 129 3 138 3 157 3 164 3 173 3 203 3 207 3 210 3 214 3 14 4 38 2 97 2 157 4 164 4 206 4 226 2 259 4 269 4 280 4 355 4 363 4 364 2 369 4 371 4 374 4 397 4 398 4 399 4 400 2 404 4 432 4 440 2 444 4 445 4 446 4 282 3 401 3 414 3 29 3 366 3 379 2 342 2 431 2 468 4 474 4 496 4 512 4 522 4 523 4 231 3 355 3 399 3 446 3 450 3 590 4
1 40 1
0
0
1 28 1
1 28 1
1 28 1
1 106 1
0
1 106 1
1 282 1
0
1 282 1
2 106 1 98 1
0
0
2 98 1 210 1
0
0
1 185 1
2 98 1 210 1
0
1 512 1
1 185 1
0
0
0
3 103 1 512 1 163 1
1 185 1
0
1 369 1
2 163 1 103 1
0
0
2 14 1 163 1
1 103 1
1 163 1
0
2 369 1 14 1
0
1 404 1
0
2 404 1 369 1
0
1 103 1
3 12 1 404 1 327 1
0
0
0
1 12 1
1 14 1
0
1 12 1
0
0
1 12 1
0
0
0
0
0
0
0
0
0
0
0
0
0
0
0
0
0
0
0
0
0
0
0
0
0
0
0
0
0
0
0
0
0
0
0
0
0
0
0
0
0
0
0
0
0
