104 7 4 8 4 9 4 29 4 46 4 63 4 70 4 87 4 92 4 104 4 111 4 156 4 168 4 173 4 174 4 182 4 188 4 189 4 192 4 197 4 203 4 207 4 213 4 214 4 216 4 218 4 223 4 237 4 240 4 241 4 247 4 249 4 85 3 53 4 76 4 85 4 89 4 91 4 126 4 231 4 259 4 263 4 264 4 269 4 280 4 290 4 315 4 317 4 339 4 351 4 352 4 5 3 7 3 8 3 9 3 25 3 34 3 38 3 68 3 69 3 86 3 102 3 111 3 118 3 157 3 164 3 173 3 189 3 203 3 207 3 214 3 223 3 86 4 157 4 164 4 363 4 371 4 374 4 411 4 416 4 431 4 444 4 445 4 276 3 387 3 29 3 67 3 162 3 215 3 115 4 496 4 510 4 514 4 523 4 526 4 528 4 555 4 200 3 231 3 304 3 343 3 590 4 605 4 612 4
8 33 1 184 1 39 1 204 1 422 1 423 1 424 1 200 1
0
0
1 39 1
0
0
1 44 1
1 204 1
0
0
0
0
2 44 1 122 1
0
0
0
0
0
2 122 1 29 1
0
0
0
0
0
0
0
1 46 1
1 46 1
0
0
0
0
0
0
1 99 1
0
0
1 99 1
0
0
0
0
2 36 1 583 1
0
0
0
0
0
1 36 1
0
2 36 1 371 1
0
0
0
0
0
0
0
1 242 1
0
1 242 1
0
0
0
0
0
1 200 1
0
0
0
0
0
0
0
0
0
0
0
0
0
0
0
0
0
0
0
0
0
0
0
0
0
0
0
0
0
0
0
0
0
