79 29 4 48 2 57 4 59 4 61 2 92 4 104 4 111 4 114 2 127 4 129 4 156 4 173 4 174 4 175 2 182 4 188 4 196 4 203 4 205 4 207 4 213 4 214 4 216 4 218 4 237 4 240 4 250 4 58 3 58 4 247 4 258 4 263 4 290 4 291 4 310 2 351 4 352 4 14 3 38 3 86 3 102 3 111 3 129 3 164 3 173 3 196 3 203 3 205 3 207 3 214 3 86 4 153 4 164 4 269 4 324 2 360 4 362 4 363 4 371 4 398 2 398 4 445 4 291 3 324 3 340 3 401 3 29 3 220 3 453 2 352 2 362 2 474 4 482 4 491 2 496 4 503 4 120 3 590 4
7 33 1 40 1 191 1 55 1 56 1 194 1 565 1
0
0
0
0
0
0
0
2 106 1 107 1
2 106 1 107 1
0
0
2 55 1 145 1
0
0
0
1 205 1
0
1 55 1
0
2 42 1 390 1
0
0
0
3 279 1 254 1 255 1
0
0
1 42 1
1 279 1
0
0
0
2 36 1 362 1
0
0
0
3 36 1 56 1 42 1
0
0
0
1 36 1
0
0
0
2 194 1 401 1
1 56 1
0
0
1 398 1
0
0
0
1 194 1
0
0
0
1 56 1
0
0
1 565 1
0
0
0
0
0
0
0
0
0
0
0
0
0
0
0
0
0
0
0
0
0
0
0
0
0
0
0
0
0
0
0
0
0
0
0
0
0
0
0
0
