77 29 4 70 4 89 4 91 4 92 4 104 4 111 4 148 4 156 4 173 4 174 4 182 4 188 4 189 4 201 4 203 4 205 4 207 4 213 4 214 4 216 4 218 4 230 2 237 4 241 4 249 4 219 4 263 4 290 4 317 4 34 3 38 3 102 3 111 3 157 3 164 3 173 3 189 3 203 3 205 3 207 3 214 3 157 4 164 4 189 2 270 2 282 2 328 2 360 4 363 4 367 2 397 4 444 4 445 4 446 4 246 3 270 3 380 3 414 3 29 3 81 3 450 3 51 2 350 2 474 4 479 4 482 4 496 4 515 2 522 4 523 4 20 3 282 3 446 3 495 3 590 4 611 4
6 110 1 132 1 117 1 522 1 205 1 564 1
0
0
0
1 227 1
0
1 227 1
0
3 35 1 117 1 227 1
0
0
1 522 1
1 35 1
2 227 1 219 1
0
1 219 1
0
0
1 219 1
1 156 1
0
2 219 1 35 1
2 219 1 88 1
0
1 156 1
0
3 35 1 156 1 380 1
1 117 1
0
0
2 380 1 379 1
0
0
1 504 1
2 156 1 380 1
0
2 156 1 205 1
1 157 1
0
2 380 1 450 1
0
1 450 1
1 379 1
0
2 470 1 471 1
0
0
1 379 1
2 450 1 444 1
0
0
0
1 564 1
0
2 470 1 471 1
0
0
0
0
0
0
0
0
0
0
0
0
0
0
0
0
0
0
0
0
0
0
0
0
0
0
0
0
0
0
0
0
0
0
0
0
0
0
0
0
0
0
0
0
0
