82 15 4 29 4 70 4 89 4 92 4 104 4 106 2 117 2 156 4 168 4 173 4 174 4 175 2 182 4 197 4 203 4 207 4 210 4 213 4 214 4 216 4 218 4 237 4 241 4 249 4 63 4 91 4 206 2 240 4 263 4 264 4 280 4 290 4 317 4 339 4 14 3 34 3 38 3 68 3 69 3 102 3 157 3 164 3 173 3 203 3 207 3 210 3 214 3 14 4 38 2 157 4 164 4 228 2 279 2 332 4 363 4 374 4 411 4 416 4 421 4 444 4 445 4 270 3 282 3 334 3 410 3 29 3 67 3 450 3 69 2 206 4 224 2 264 2 474 4 479 4 496 4 514 4 522 4 523 4 526 4 350 2 590 4
7 33 1 43 1 30 1 203 1 400 1 292 1 331 1
0
0
0
0
1 30 1
1 31 1
0
0
1 332 1
1 203 1
1 203 1
1 332 1
0
0
1 498 1
1 31 1
0
3 31 1 280 1 68 1
0
0
0
1 280 1
0
2 68 1 280 1
0
1 68 1
1 36 1
0
1 68 1
2 36 1 42 1
0
0
1 370 1
1 36 1
0
3 36 1 370 1 364 1
0
0
0
0
0
1 179 1
1 179 1
1 179 1
1 224 1
0
0
1 364 1
0
0
0
1 224 1
1 224 1
1 224 1
0
0
0
0
0
0
0
0
0
0
0
0
0
0
0
0
0
0
0
0
0
0
0
0
0
0
0
0
0
0
0
0
0
0
0
0
0
0
0
0
0
0
0
0
0
