113 8 4 15 4 29 4 44 2 57 4 59 4 68 2 70 4 91 4 92 4 104 4 111 4 115 2 129 4 138 4 156 4 168 4 171 4 173 4 174 4 180 2 182 4 189 4 193 2 196 4 197 4 203 4 207 4 210 4 213 4 214 4 216 4 218 4 223 4 231 4 237 4 240 4 244 4 247 4 249 4 58 3 58 4 241 4 252 2 258 4 259 4 263 4 264 4 269 4 280 4 289 4 290 4 306 2 332 4 347 4 8 3 14 3 38 3 68 3 102 3 111 3 129 3 138 3 164 3 173 3 189 3 196 3 203 3 207 3 210 3 214 3 223 3 244 3 8 2 14 4 164 4 206 4 228 2 363 4 371 4 373 4 374 4 386 2 398 4 399 4 404 4 419 4 420 2 421 4 445 4 458 2 180 3 282 3 29 3 67 3 250 4 274 2 115 4 364 2 419 2 468 4 490 4 496 4 514 4 555 4 171 3 231 3 289 3 399 3 492 3 556 2 590 4 612 4
3 10 1 43 1 269 1
0
0
0
0
0
0
1 98 1
1 98 1
2 103 1 185 1
0
0
0
2 185 1 196 1
1 103 1
1 154 1
1 103 1
0
0
1 97 1
1 154 1
2 185 1 232 1
0
1 97 1
2 185 1 468 1
0
0
2 196 1 251 1
1 154 1
0
0
1 103 1
1 154 1
0
2 163 1 468 1
1 97 1
0
2 251 1 163 1
0
1 289 1
1 97 1
2 232 1 251 1
1 196 1
1 386 1
0
0
1 420 1
0
3 163 1 420 1 232 1
1 163 1
1 420 1
0
0
0
0
0
1 251 1
0
0
0
0
0
0
1 232 1
1 232 1
0
0
0
0
0
0
0
0
0
0
0
0
0
0
0
0
0
0
0
0
0
0
0
0
0
0
0
0
0
0
0
0
0
0
0
