97 7 4 8 4 9 4 15 4 29 4 46 4 63 4 70 4 89 4 91 4 92 4 104 4 111 4 129 4 156 4 168 4 173 4 174 4 182 4 189 4 192 4 203 4 205 4 207 4 210 4 213 4 214 4 216 4 218 4 223 4 237 4 241 4 249 4 240 4 259 4 263 4 264 4 269 4 280 4 290 4 317 4 332 4 339 4 5 3 7 3 8 3 9 3 14 3 25 3 34 3 38 3 68 3 69 3 102 3 111 3 118 3 129 3 157 3 164 3 173 3 189 3 203 3 205 3 207 3 210 3 214 3 223 3 14 4 157 4 164 4 363 4 371 4 374 4 411 4 416 4 419 4 421 4 431 4 444 4 445 4 253 3 276 3 387 3 402 3 441 3 29 3 67 3 468 4 479 4 496 4 514 4 523 4 526 4 304 3 343 3 590 4 612 4
7 10 1 43 1 122 1 154 1 313 1 343 1 359 1
0
0
0
0
0
1 122 1
2 122 1 154 1
0
0
0
0
1 154 1
0
2 154 1 185 1
0
0
0
1 313 1
0
0
2 185 1 230 1
0
0
2 185 1 589 1
0
0
0
2 156 1 163 1
0
1 156 1
0
0
0
0
0
1 163 1
1 184 1
1 163 1
0
0
0
1 173 1
0
0
0
1 156 1
0
2 173 1 37 1
0
0
0
0
0
0
0
0
1 37 1
1 37 1
0
0
0
0
0
0
0
1 359 1
0
0
0
0
0
0
0
0
0
0
0
0
0
0
0
0
0
0
0
0
0
0
0
0
0
0
0
0
0
0
0
0
0
