69 92 4 104 4 111 4 126 4 151 2 156 4 173 4 174 4 182 4 189 4 203 4 205 4 207 4 213 4 214 4 216 4 218 4 237 4 241 4 249 4 53 3 53 4 113 4 115 4 257 2 263 4 290 4 315 4 34 3 38 3 102 3 111 3 157 3 164 3 173 3 189 3 203 3 205 3 207 3 214 3 108 2 157 4 164 4 174 2 254 2 255 2 256 2 261 4 262 2 317 4 363 4 445 4 246 3 257 3 334 3 414 3 220 3 205 2 414 2 488 4 496 4 510 4 517 2 120 3 495 3 267 4 385 2 590 4 611 4
2 123 1 281 1
0
0
0
1 52 1
0
0
1 52 1
0
1 88 1
1 88 1
0
0
1 106 1
1 88 1
1 106 1
0
0
1 105 1
0
0
1 106 1
2 105 1 481 1
0
0
1 246 1
0
1 246 1
1 133 1
0
1 133 1
1 133 1
0
0
0
1 53 1
1 436 1
1 436 1
0
0
1 157 1
0
1 157 1
0
0
1 34 1
0
0
0
2 34 1 53 1
0
0
1 53 1
0
1 414 1
1 414 1
0
0
0
0
0
0
0
0
0
0
0
0
0
0
0
0
0
0
0
0
0
0
0
0
0
0
0
0
0
0
0
0
0
0
0
0
0
0
0
0
0
0
0
0
