74 29 4 34 2 36 2 44 2 46 4 59 4 70 4 89 4 92 4 104 4 111 4 156 4 157 2 173 4 174 4 182 4 189 4 196 4 197 4 203 4 207 4 213 4 214 4 216 4 218 4 237 4 240 4 246 2 249 4 58 3 38 2 58 4 91 4 113 4 115 4 201 4 258 4 263 4 290 4 317 4 333 2 341 2 34 3 38 3 102 3 111 3 157 3 164 3 173 3 189 3 196 3 203 3 207 3 214 3 90 2 157 4 164 4 174 2 363 4 445 4 446 4 246 3 276 3 283 3 414 3 29 3 419 2 446 2 496 4 523 4 556 2 446 3 573 2 590 4
2 33 1 316 1
0
0
1 300 1
1 300 1
0
0
1 181 1
0
1 181 1
1 189 1
0
1 189 1
1 203 1
0
1 203 1
0
1 426 1
1 203 1
1 426 1
1 196 1
0
0
1 420 1
1 196 1
0
0
2 36 1 420 1
0
0
0
1 36 1
0
0
1 54 1
0
2 54 1 89 1
0
0
2 54 1 175 1
0
0
0
1 59 1
0
1 59 1
0
1 133 1
1 133 1
0
0
0
0
0
1 133 1
0
0
0
0
0
0
0
0
0
0
0
0
0
0
0
0
0
0
0
0
0
0
0
0
0
0
0
0
0
0
0
0
0
0
0
0
0
0
0
0
0
0
0
0
0
