64 29 4 46 4 59 4 63 4 70 4 89 4 92 4 104 4 111 4 156 4 173 4 174 4 182 4 189 4 196 4 197 4 203 4 207 4 213 4 214 4 216 4 218 4 237 4 240 4 249 4 58 3 58 4 91 4 113 4 115 4 201 4 258 4 263 4 290 4 317 4 34 3 38 3 102 3 111 3 157 3 164 3 173 3 189 3 196 3 203 3 207 3 214 3 157 4 164 4 363 4 416 4 419 4 444 4 445 4 446 4 246 3 276 3 283 3 414 3 29 3 496 4 523 4 446 3 590 4
7 30 1 181 1 203 1 316 1 64 1 246 1 300 1
0
0
1 300 1
1 300 1
0
0
1 181 1
0
1 181 1
1 189 1
0
1 189 1
1 203 1
0
1 203 1
0
1 426 1
1 203 1
1 426 1
1 196 1
0
0
1 423 1
1 196 1
0
0
2 36 1 423 1
0
0
0
1 36 1
1 31 1
0
0
0
1 54 1
0
0
1 89 1
1 37 1
1 54 1
0
0
0
1 89 1
0
1 54 1
0
0
0
1 59 1
0
0
0
1 59 1
0
1 133 1
0
0
0
0
0
0
1 133 1
0
0
0
0
1 133 1
0
0
0
0
0
0
0
0
0
0
0
0
0
0
0
0
0
0
0
0
0
0
0
0
0
0
0
0
0
0
