93 29 4 54 2 57 4 70 4 89 4 92 4 94 4 103 2 104 4 111 4 133 2 156 4 157 2 173 4 174 4 182 4 189 4 201 4 203 4 205 4 207 4 213 4 214 4 216 4 218 4 219 2 237 4 240 4 241 4 249 4 250 4 58 3 58 4 59 4 91 4 109 2 112 2 113 4 115 4 219 4 247 4 258 4 263 4 275 2 290 4 317 4 333 2 347 4 352 4 34 3 38 3 102 3 111 3 153 3 157 3 164 3 173 3 189 3 203 3 205 3 207 3 214 3 153 4 157 4 164 4 267 2 362 4 363 4 392 2 397 4 444 4 445 4 446 4 196 3 246 3 283 3 389 3 414 3 29 3 174 2 277 3 117 2 352 2 457 2 496 4 503 4 523 4 120 3 334 3 446 3 267 4 293 2 590 4
1 33 1
0
0
1 106 1
0
1 106 1
1 106 1
1 145 1
0
1 105 1
0
1 145 1
3 145 1 105 1 287 1
0
0
1 287 1
3 105 1 287 1 61 1
0
1 105 1
2 350 1 246 1
0
0
2 61 1 381 1
0
1 61 1
0
1 131 1
2 131 1 381 1
1 334 1
0
2 131 1 350 1
1 246 1
0
1 350 1
1 203 1
0
2 243 1 392 1
1 392 1
1 243 1
1 131 1
1 408 1
0
1 246 1
1 408 1
2 246 1 243 1
0
1 414 1
1 243 1
0
1 175 1
0
1 175 1
1 414 1
0
0
0
0
0
0
0
0
0
0
0
0
0
0
0
0
0
0
0
0
0
0
0
0
0
0
0
0
0
0
0
0
0
0
0
0
0
0
0
0
0
0
0
0
0
0
0
