72 57 4 63 4 92 4 104 4 111 4 129 4 156 4 168 4 173 4 174 4 182 4 189 4 203 4 207 4 213 4 214 4 216 4 218 4 237 4 240 4 250 4 53 3 58 3 53 4 58 4 59 4 94 4 126 4 127 4 188 4 241 4 263 4 290 4 291 4 331 4 352 4 38 3 69 3 86 3 102 3 111 3 129 3 164 3 173 3 189 3 203 3 207 3 214 3 86 4 164 4 362 4 363 4 371 4 412 4 416 4 430 4 445 4 451 4 196 3 291 3 324 3 340 3 402 3 441 3 81 3 479 4 482 4 496 4 503 4 510 4 20 3 590 4
6 55 1 60 1 62 1 132 1 350 1 441 1
0
0
0
0
1 132 1
0
0
0
1 60 1
1 132 1
0
0
1 62 1
0
0
0
1 61 1
1 61 1
0
0
4 60 1 61 1 62 1 116 1
1 116 1
0
1 190 1
0
0
1 378 1
1 331 1
0
0
0
0
1 324 1
0
1 378 1
0
1 116 1
0
1 58 1
0
1 324 1
0
0
0
1 331 1
0
1 58 1
0
0
0
1 56 1
0
1 58 1
1 63 1
0
0
1 63 1
0
0
1 487 1
0
0
1 487 1
0
0
0
0
0
1 63 1
0
0
0
0
0
0
0
0
0
0
0
0
0
0
0
0
0
0
0
0
0
0
0
0
0
0
0
0
0
0
