80 21 2 29 4 56 2 57 4 59 4 92 4 104 4 114 2 127 4 129 4 156 4 173 4 174 4 182 4 189 4 196 4 203 4 207 4 213 4 214 4 216 4 218 4 237 4 239 2 240 4 250 4 58 3 58 4 89 4 157 2 258 4 263 4 290 4 291 4 300 2 332 4 352 4 34 3 38 3 102 3 129 3 164 3 173 3 189 3 196 3 203 3 207 3 214 3 63 4 150 2 157 4 164 4 243 2 317 4 331 4 346 2 362 4 363 4 416 4 432 4 445 4 270 3 291 3 314 3 324 3 340 3 401 3 402 3 441 3 442 3 29 3 81 3 366 3 133 2 469 2 496 4 503 4 512 4 523 4 590 4
7 33 1 145 1 48 1 60 1 61 1 324 1 331 1
0
1 48 1
1 48 1
0
0
1 61 1
1 48 1
0
2 48 1 61 1
1 109 1
0
1 29 1
1 17 1
1 61 1
1 29 1
0
1 61 1
2 97 1 352 1
0
0
2 36 1 17 1
1 469 1
0
1 36 1
0
1 36 1
1 352 1
1 97 1
0
1 36 1
1 97 1
0
0
0
2 17 1 403 1
1 109 1
0
1 392 1
2 17 1 340 1
0
0
1 352 1
0
0
2 392 1 340 1
0
0
2 109 1 56 1
1 109 1
0
0
0
0
0
0
0
0
0
0
0
0
0
0
0
0
0
0
0
0
0
0
0
0
0
0
0
0
0
0
0
0
0
0
0
0
0
0
0
0
0
0
0
0
0
0
0
0
0
0
