89 29 4 46 4 68 2 76 4 83 2 92 4 99 2 104 4 126 4 129 4 138 4 156 4 168 4 171 4 173 4 174 4 179 2 180 2 182 4 188 4 189 4 197 4 203 4 207 4 213 4 214 4 216 4 218 4 228 2 231 4 237 4 241 4 247 4 249 4 251 2 53 3 53 4 259 4 261 2 263 4 269 4 289 4 290 4 315 4 34 3 38 3 68 3 102 3 129 3 138 3 164 3 173 3 189 3 203 3 207 3 214 3 164 4 261 4 363 4 371 4 373 4 386 2 399 4 417 2 422 2 424 2 445 4 180 3 253 3 257 3 389 3 29 3 162 3 272 3 364 2 389 2 488 4 496 4 510 4 514 4 555 4 171 3 231 3 289 3 304 3 399 3 492 3 194 2 590 4
2 43 1 52 1
0
0
1 336 1
0
0
2 46 1 336 1
1 123 1
1 123 1
0
0
0
2 123 1 46 1
1 46 1
0
1 44 1
1 44 1
0
1 46 1
2 44 1 316 1
0
1 316 1
0
0
2 44 1 251 1
0
2 185 1 251 1
1 424 1
0
1 424 1
1 316 1
1 185 1
0
0
2 53 1 185 1
0
2 185 1 373 1
0
0
2 373 1 492 1
0
0
2 242 1 53 1
1 53 1
0
0
0
1 242 1
1 242 1
0
0
1 417 1
1 417 1
0
0
1 517 1
0
0
0
0
0
0
0
0
0
0
0
0
0
0
0
0
0
0
0
0
0
0
0
0
0
0
0
0
0
0
0
0
0
0
0
0
0
0
0
0
0
0
0
0
