83 34 4 36 4 38 4 70 4 72 4 89 4 90 4 91 4 92 4 99 4 102 4 104 4 117 4 130 4 156 4 157 4 164 4 21 2 29 4 168 4 173 4 174 4 180 2 182 4 188 4 202 4 203 4 207 4 213 4 214 4 216 4 218 4 228 2 237 4 241 4 251 2 242 2 231 4 240 4 259 4 263 4 289 4 290 4 305 2 34 3 38 3 102 3 157 3 164 3 173 3 203 3 207 3 214 3 50 2 184 2 317 4 342 2 363 4 371 4 398 4 399 4 445 4 180 3 380 3 401 3 402 3 441 3 29 3 415 2 231 2 289 2 389 2 474 4 482 4 496 4 523 4 20 3 202 3 231 3 289 3 399 3 590 4 611 4
2 35 1 43 1
0
0
1 40 1
0
0
0
1 40 1
2 40 1 44 1
1 40 1
0
1 137 1
1 44 1
0
1 44 1
0
2 44 1 103 1
0
0
2 137 1 51 1
0
0
1 137 1
1 137 1
4 103 1 254 1 255 1 256 1
0
0
2 426 1 491 1
1 103 1
0
1 103 1
1 51 1
2 380 1 426 1
0
0
2 114 1 380 1
4 51 1 254 1 255 1 256 1
2 51 1 562 1
0
0
2 441 1 114 1
0
1 114 1
2 114 1 489 1
0
0
0
0
1 441 1
0
0
0
0
0
0
0
0
0
0
0
0
0
0
0
0
0
0
0
0
0
0
0
0
0
0
0
0
0
0
0
0
0
0
0
0
0
0
0
0
0
0
0
0
0
0
0
0
0
0
0
