73 29 4 34 2 46 4 70 4 89 4 92 4 104 4 111 4 116 2 156 4 173 4 174 4 182 4 189 4 201 4 203 4 205 4 207 4 213 4 214 4 216 4 218 4 237 4 241 4 246 2 249 4 55 2 68 2 90 2 173 2 231 4 263 4 290 4 317 4 34 3 38 3 68 3 102 3 111 3 164 3 173 3 189 3 203 3 205 3 207 3 214 3 157 4 164 4 283 2 363 4 420 2 445 4 446 4 246 3 276 3 282 3 283 3 402 3 414 3 441 3 29 3 457 2 189 2 484 2 496 4 497 4 523 4 231 3 304 3 387 3 446 3 583 2 590 4
4 33 1 45 1 316 1 111 1
0
0
0
0
1 175 1
0
0
1 111 1
1 36 1
0
0
0
0
1 205 1
0
1 175 1
0
1 363 1
0
0
0
0
1 21 1
1 36 1
0
0
1 203 1
0
0
0
0
2 205 1 204 1
0
0
0
1 387 1
0
0
0
1 203 1
1 38 1
0
0
0
0
0
0
1 38 1
0
0
0
0
0
0
0
0
0
0
0
0
0
0
0
0
0
0
0
0
0
0
0
0
0
0
0
0
0
0
0
0
0
0
0
0
0
0
0
0
0
0
0
0
0
0
0
0
0
0
0
