70 29 4 46 4 63 4 70 4 89 4 92 4 104 4 111 4 156 4 173 4 174 4 182 4 189 4 201 4 203 4 205 4 207 4 213 4 214 4 216 4 218 4 237 4 241 4 249 4 231 4 263 4 290 4 317 4 34 3 38 3 68 3 102 3 111 3 157 3 164 3 173 3 189 3 203 3 205 3 207 3 214 3 157 4 164 4 360 4 363 4 397 4 398 4 416 4 444 4 445 4 446 4 246 3 276 3 282 3 283 3 334 3 340 3 402 3 414 3 441 3 29 3 335 3 496 4 497 4 523 4 231 3 304 3 387 3 446 3 590 4
8 30 1 45 1 316 1 111 1 175 1 422 1 424 1 523 1
0
0
0
0
1 229 1
0
0
1 111 1
1 282 1
0
0
0
0
1 205 1
0
1 175 1
0
1 222 1
0
0
0
0
1 21 1
1 31 1
0
0
0
0
0
1 372 1
0
1 205 1
0
0
0
0
0
1 184 1
0
1 229 1
0
0
0
0
1 89 1
0
0
1 89 1
0
0
0
0
1 416 1
0
0
0
0
0
0
0
0
0
0
0
0
0
0
0
0
0
0
0
0
0
0
0
0
0
0
0
0
0
0
0
0
0
0
0
0
0
0
0
0
0
0
0
0
0
0
