75 59 4 63 4 87 4 92 4 94 4 104 4 111 4 129 4 138 4 148 4 156 4 168 4 171 4 173 4 174 4 182 4 192 4 196 4 203 4 207 4 214 4 216 4 218 4 231 4 237 4 240 4 241 4 244 4 58 3 85 3 58 4 76 4 85 4 247 4 263 4 290 4 332 4 351 4 38 3 86 3 102 3 111 3 129 3 138 3 164 3 173 3 196 3 203 3 207 3 214 3 244 3 86 4 164 4 278 4 363 4 416 4 433 4 451 4 271 3 324 3 387 3 428 3 220 3 277 3 356 3 473 4 496 4 171 3 231 3 278 3 393 3 472 3 492 3 527 3 590 4
6 33 1 160 1 176 1 111 1 192 1 277 1
0
0
0
0
0
1 60 1
0
1 97 1
0
0
2 60 1 97 1
0
0
0
0
0
1 105 1
0
1 105 1
0
0
1 393 1
1 111 1
0
0
0
0
1 324 1
0
0
1 199 1
0
1 278 1
0
1 161 1
0
0
0
1 435 1
0
0
0
2 192 1 278 1
1 199 1
0
0
1 192 1
0
1 161 1
1 161 1
0
0
0
0
1 277 1
0
0
0
0
0
1 192 1
0
0
0
0
1 63 1
0
0
0
0
0
0
0
0
0
0
0
0
0
0
0
0
0
0
0
0
0
0
0
0
0
0
0
0
0
0
0
0
0
