96 29 4 44 2 46 4 50 2 89 4 92 4 94 4 104 4 113 2 115 2 129 4 138 4 148 4 156 4 168 4 171 4 173 4 174 4 180 2 182 4 189 4 197 4 203 4 207 4 213 4 214 4 216 4 218 4 237 4 240 4 241 4 244 4 76 4 85 4 87 4 113 4 115 4 207 2 231 4 244 2 247 4 263 4 285 4 290 4 326 2 347 4 351 4 34 3 38 3 86 3 102 3 129 3 138 3 164 3 173 3 189 3 203 3 207 3 214 3 244 3 24 2 37 2 86 4 164 4 363 4 412 4 416 4 428 2 433 4 445 4 451 4 180 3 253 3 324 3 340 3 387 3 389 3 428 3 29 3 224 2 272 3 356 3 99 2 300 2 382 2 473 4 496 4 514 4 523 4 526 4 528 4 171 3 231 3 285 3 478 3 590 4
2 33 1 382 1
0
1 43 1
0
0
0
2 43 1 310 1
1 43 1
0
1 95 1
1 310 1
0
2 310 1 23 1
0
1 95 1
1 28 1
1 95 1
0
1 95 1
0
2 23 1 36 1
0
2 23 1 109 1
0
1 23 1
0
2 28 1 347 1
0
0
0
2 28 1 272 1
0
1 272 1
0
0
0
1 36 1
1 428 1
0
1 36 1
1 109 1
0
3 109 1 286 1 26 1
0
0
0
1 347 1
0
4 109 1 347 1 445 1 286 1
1 445 1
0
0
2 382 1 445 1
0
1 382 1
0
0
0
0
0
0
0
0
0
0
0
0
0
0
0
0
0
0
0
0
0
0
0
0
0
0
0
0
0
0
0
0
0
0
0
0
0
0
0
0
0
0
0
0
0
