67 29 4 70 4 91 4 92 4 104 4 129 4 156 4 168 4 173 4 174 4 182 4 189 4 197 4 203 4 207 4 213 4 214 4 216 4 218 4 237 4 241 4 249 4 89 4 201 4 240 4 263 4 280 4 290 4 339 4 25 3 34 3 38 3 68 3 69 3 102 3 129 3 157 3 164 3 173 3 189 3 203 3 207 3 214 3 157 4 164 4 332 4 360 4 363 4 444 4 445 4 205 3 239 3 270 3 283 3 389 3 410 3 29 3 67 3 272 3 490 4 496 4 514 4 523 4 526 4 343 3 529 3 590 4
4 27 1 279 1 283 1 370 1
0
0
0
0
1 116 1
1 116 1
0
0
1 228 1
0
0
1 228 1
0
1 98 1
0
0
0
2 98 1 167 1
1 167 1
0
0
0
1 229 1
1 229 1
0
0
1 68 1
0
0
1 68 1
0
1 364 1
0
0
0
1 97 1
0
0
0
0
1 360 1
1 197 1
0
0
3 197 1 469 1 501 1
0
0
2 167 1 283 1
1 197 1
2 370 1 197 1
0
0
0
2 283 1 370 1
0
0
0
0
1 283 1
0
0
0
0
0
0
0
0
0
0
0
0
0
0
0
0
0
0
0
0
0
0
0
0
0
0
0
0
0
0
0
0
0
0
0
0
0
0
0
0
