93 8 4 59 4 92 4 94 4 96 2 104 4 138 4 142 2 156 4 168 4 171 4 173 4 174 4 182 4 189 4 196 4 203 4 207 4 213 4 214 4 216 4 218 4 223 4 230 4 237 4 240 4 244 4 247 4 58 3 8 2 58 4 113 4 115 4 148 4 244 2 252 2 258 4 263 4 273 2 285 4 290 4 347 4 352 4 5 3 8 3 25 3 34 3 38 3 68 3 69 3 102 3 118 3 138 3 164 3 173 3 189 3 196 3 203 3 207 3 214 3 223 3 244 3 164 4 278 4 357 2 363 4 371 4 374 4 419 4 433 4 445 4 447 4 253 3 270 3 271 3 324 3 428 3 215 3 272 3 277 3 417 2 358 2 445 2 473 4 496 4 497 4 524 4 171 3 278 3 285 3 343 3 478 3 590 4
2 1 1 122 1
0
0
0
1 122 1
0
0
1 186 1
1 186 1
0
1 181 1
0
1 181 1
0
1 93 1
0
0
1 47 1
0
0
3 93 1 212 1 531 1
0
0
0
3 47 1 313 1 212 1
0
0
2 381 1 313 1
0
0
2 419 1 381 1
0
1 212 1
0
2 94 1 419 1
0
2 94 1 313 1
2 383 1 94 1
0
0
2 195 1 383 1
0
0
0
3 195 1 94 1 59 1
0
0
1 59 1
2 59 1 195 1
0
0
0
0
0
0
0
1 59 1
0
0
0
0
0
0
0
0
0
0
0
0
0
0
0
0
0
0
0
0
0
0
0
0
0
0
0
0
0
0
0
0
0
0
0
0
0
0
0
0
0
0
0
