79 2 2 5 2 7 4 9 4 29 4 92 4 94 4 103 2 104 4 112 2 126 4 156 4 168 4 173 4 174 4 182 4 189 4 197 4 203 4 207 4 213 4 214 4 216 4 218 4 223 4 231 4 237 4 241 4 53 3 238 2 9 2 53 4 249 4 263 4 264 4 280 4 290 4 5 3 7 3 9 3 25 3 34 3 38 3 68 3 69 3 102 3 164 3 173 3 189 3 203 3 207 3 214 3 223 3 164 4 183 2 223 2 261 4 315 4 363 4 374 4 394 2 445 4 253 3 257 3 270 3 29 3 187 2 116 2 231 2 488 4 496 4 510 4 231 3 343 3 530 3 384 2 562 2 590 4 612 4
3 52 1 43 1 123 1
0
0
0
1 52 1
0
2 43 1 52 1
1 108 1
0
1 108 1
0
1 185 1
1 123 1
0
1 83 1
1 185 1
0
0
3 7 1 83 1 499 1
0
0
1 481 1
0
0
2 108 1 109 1
1 109 1
0
2 7 1 481 1
1 7 1
0
1 241 1
0
1 436 1
2 436 1 7 1
0
1 241 1
2 53 1 436 1
0
0
1 53 1
0
0
4 109 1 241 1 53 1 126 1
0
0
2 126 1 241 1
0
0
1 126 1
0
0
0
0
0
0
0
0
0
0
0
0
0
0
0
0
0
0
0
0
0
0
0
0
0
0
0
0
0
0
0
0
0
0
0
0
0
0
0
0
0
0
0
0
0
0
0
0
0
0
0
