115 7 4 8 4 9 4 29 4 57 4 59 4 63 4 69 2 70 4 87 4 89 4 92 4 104 4 111 4 156 4 173 4 174 4 179 2 182 4 189 4 192 4 196 4 201 4 203 4 205 4 207 4 213 4 214 4 216 4 217 2 218 4 223 4 230 4 231 4 237 4 240 4 241 4 244 4 247 4 249 4 58 3 85 3 58 4 76 4 85 4 174 2 203 2 214 2 244 2 263 4 264 4 270 2 280 4 290 4 317 4 351 4 352 4 5 3 7 3 8 3 9 3 25 3 34 3 38 3 68 3 69 3 86 3 102 3 111 3 118 3 157 3 164 3 173 3 189 3 196 3 203 3 205 3 207 3 214 3 223 3 244 3 38 2 86 4 146 2 157 4 164 4 359 2 360 4 363 4 374 4 386 2 411 4 416 4 445 4 446 4 270 3 428 3 442 3 29 3 215 3 250 4 335 3 363 2 496 4 497 4 514 4 523 4 526 4 531 2 231 3 446 3 495 3 562 2 590 4 612 4
1 33 1
0
1 45 1
1 45 1
1 111 1
0
0
2 111 1 23 1
0
0
1 208 1
0
1 23 1
0
1 117 1
0
0
0
2 208 1 205 1
0
0
0
0
1 34 1
0
1 117 1
0
0
1 428 1
0
0
0
0
1 205 1
1 445 1
0
0
0
0
0
1 360 1
0
1 34 1
0
0
0
0
1 215 1
0
1 358 1
0
0
1 215 1
0
1 358 1
0
0
0
0
0
0
0
0
0
0
0
0
0
0
0
0
0
0
0
0
0
0
0
0
0
0
0
0
0
0
0
0
0
0
0
0
0
0
0
0
0
0
0
0
0
