69 15 4 29 4 46 4 63 4 70 4 87 4 91 4 92 4 104 4 129 4 148 4 156 4 173 4 174 4 182 4 189 4 192 4 197 4 201 4 203 4 207 4 214 4 216 4 218 4 231 4 237 4 240 4 241 4 244 4 249 4 85 3 85 4 115 4 263 4 290 4 347 4 351 4 34 3 38 3 86 3 102 3 129 3 164 3 173 3 189 3 203 3 207 3 214 3 244 3 86 4 113 4 164 4 247 4 363 4 416 4 431 4 451 4 324 3 393 3 442 3 29 3 496 4 511 4 521 4 523 4 528 4 555 4 231 3 590 4
4 43 1 44 1 326 1 435 1
0
0
0
0
0
0
1 84 1
0
0
1 84 1
0
0
0
1 46 1
0
0
0
0
0
1 46 1
1 98 1
0
0
0
0
0
0
1 209 1
0
1 98 1
0
0
0
0
1 115 1
0
0
0
0
1 209 1
0
1 242 1
0
0
0
0
0
0
1 422 1
1 115 1
0
0
0
0
0
1 435 1
0
0
0
1 242 1
0
0
1 326 1
0
0
0
0
0
0
2 87 1 240 1
0
0
0
0
0
0
1 347 1
0
0
1 347 1
0
0
0
1 87 1
0
0
0
0
0
0
0
0
0
0
0
0
0
0
0
