66 15 4 29 4 46 4 63 4 70 4 76 4 91 4 92 4 104 4 126 4 129 4 148 4 156 4 173 4 174 4 182 4 189 4 197 4 201 4 203 4 207 4 214 4 216 4 218 4 231 4 237 4 240 4 241 4 244 4 249 4 53 3 53 4 115 4 263 4 290 4 347 4 34 3 38 3 102 3 129 3 164 3 173 3 189 3 203 3 207 3 214 3 244 3 164 4 247 4 261 4 315 4 363 4 416 4 431 4 444 4 257 3 442 3 29 3 488 4 496 4 510 4 511 4 523 4 555 4 231 3 590 4
6 43 1 44 1 221 1 284 1 326 1 436 1
0
0
0
0
0
0
1 52 1
0
0
1 52 1
0
0
0
1 46 1
0
0
0
0
0
1 46 1
1 83 1
0
0
0
0
0
0
1 23 1
0
1 83 1
0
0
0
0
1 53 1
0
0
0
0
1 23 1
0
1 207 1
0
0
0
0
0
0
1 424 1
1 53 1
0
0
0
0
0
1 436 1
0
0
0
1 207 1
0
0
1 326 1
0
0
0
0
0
0
1 126 1
0
0
0
0
0
0
1 347 1
0
0
1 347 1
0
0
0
1 284 1
0
0
0
0
0
0
0
0
0
0
0
0
0
0
0
