72 15 4 29 4 46 4 57 4 59 4 63 4 91 4 92 4 104 4 127 4 129 4 156 4 173 4 174 4 182 4 189 4 196 4 197 4 201 4 203 4 207 4 214 4 216 4 218 4 231 4 237 4 240 4 241 4 244 4 249 4 250 4 58 3 58 4 115 4 258 4 263 4 290 4 291 4 347 4 352 4 34 3 38 3 102 3 129 3 164 3 173 3 189 3 196 3 203 3 207 3 214 3 244 3 164 4 247 4 362 4 363 4 416 4 419 4 431 4 291 3 324 3 442 3 466 3 29 3 366 3 496 4 503 4 511 4 523 4 555 4 231 3 590 4
5 43 1 44 1 56 1 326 1 366 1
0
0
0
0
0
0
1 61 1
0
0
2 55 1 61 1
0
0
0
1 240 1
0
0
0
0
0
2 46 1 240 1
1 16 1
0
0
0
0
0
0
1 62 1
0
1 16 1
0
0
0
0
1 54 1
0
0
0
0
2 61 1 62 1
0
1 243 1
0
0
0
0
0
0
1 423 1
1 54 1
0
0
0
0
0
1 366 1
0
0
0
1 243 1
0
0
1 326 1
0
0
0
0
0
0
1 56 1
0
0
0
0
0
0
1 347 1
0
0
1 347 1
0
0
0
1 59 1
0
0
0
0
0
0
0
0
0
0
0
0
0
0
0
