79 23 2 29 4 63 4 89 4 91 4 92 4 104 4 116 2 156 4 173 4 174 4 182 4 189 4 197 4 200 2 201 4 203 4 207 4 213 4 214 4 216 4 218 4 228 2 237 4 240 4 241 4 246 2 174 2 249 4 259 4 263 4 269 4 280 4 290 4 349 2 34 3 38 3 102 3 157 3 164 3 173 3 189 3 203 3 207 3 214 3 157 4 164 4 317 4 334 2 363 4 371 4 372 2 397 4 399 4 442 2 444 4 445 4 446 4 180 3 246 3 253 3 276 3 414 3 442 3 29 3 231 2 446 2 479 4 496 4 514 4 523 4 555 4 200 3 231 3 334 3 399 3 446 3 590 4 612 4
2 43 1 44 1
0
0
0
1 201 1
0
0
1 201 1
0
1 103 1
0
0
0
2 157 1 498 1
1 103 1
0
0
0
2 184 1 157 1
0
0
1 157 1
2 37 1 184 1
0
0
0
0
2 399 1 37 1
1 37 1
0
0
2 371 1 399 1
0
0
0
1 184 1
2 242 1 371 1
0
0
0
2 89 1 242 1
0
1 242 1
0
0
2 444 1 89 1
0
0
0
3 89 1 63 1 444 1
0
0
0
0
1 63 1
0
1 63 1
0
0
0
0
0
0
0
0
0
0
0
0
0
0
0
0
0
0
0
0
0
0
0
0
0
0
0
0
0
0
0
0
0
0
0
0
0
0
0
0
0
0
0
