119 7 4 15 4 29 4 46 4 57 4 63 4 70 4 89 4 91 4 92 4 104 4 126 4 156 4 171 4 173 4 174 4 182 4 189 4 197 4 201 4 203 4 207 4 210 4 213 4 214 4 216 4 218 4 223 4 225 4 231 4 237 4 240 4 241 4 249 4 53 3 58 3 85 3 53 4 58 4 59 4 85 4 87 4 259 4 263 4 264 4 269 4 280 4 290 4 317 4 332 4 337 4 351 4 352 4 5 3 7 3 25 3 34 3 38 3 68 3 69 3 86 3 102 3 157 3 164 3 173 3 189 3 203 3 207 3 210 3 214 3 223 3 86 4 157 4 164 4 363 4 371 4 374 4 397 4 399 4 406 4 411 4 416 4 419 4 421 4 431 4 444 4 445 4 446 4 8 3 9 3 180 3 200 3 246 3 253 3 276 3 401 3 414 3 442 3 29 3 67 3 250 4 335 3 468 4 479 4 496 4 510 4 514 4 523 4 525 4 555 4 171 3 231 3 334 3 399 3 406 3 446 3 492 3 590 4 612 4
7 43 1 44 1 103 1 201 1 422 1 423 1 424 1
0
0
0
1 201 1
0
0
1 201 1
0
1 103 1
0
0
0
2 157 1 498 1
1 103 1
0
0
0
2 184 1 157 1
0
0
1 157 1
2 37 1 184 1
0
0
0
0
2 399 1 37 1
1 37 1
0
0
0
0
2 371 1 399 1
0
0
0
1 184 1
0
0
2 242 1 371 1
0
0
0
0
0
2 242 1 89 1
0
0
0
0
0
0
2 444 1 89 1
0
0
0
0
0
0
1 89 1
0
1 444 1
0
0
0
0
0
0
1 63 1
0
0
1 63 1
0
1 63 1
0
0
0
0
0
0
1 416 1
0
0
0
0
0
0
0
0
0
0
0
0
0
0
0
0
0
0
