112 19 4 29 4 46 4 57 4 59 4 63 4 70 4 87 4 89 4 92 4 94 4 104 4 127 4 129 4 138 4 156 4 171 4 173 4 174 4 182 4 189 4 192 4 196 4 197 4 201 4 202 4 203 4 207 4 211 4 214 4 216 4 218 4 225 4 231 4 237 4 240 4 241 4 244 4 247 4 249 4 250 4 58 3 85 3 58 4 85 4 113 4 115 4 219 4 258 4 263 4 285 4 290 4 291 4 332 4 347 4 351 4 352 4 34 3 38 3 86 3 102 3 129 3 138 3 164 3 173 3 189 3 196 3 203 3 207 3 214 3 244 3 86 4 148 4 164 4 355 4 362 4 363 4 406 4 416 4 419 4 432 4 451 4 239 3 246 3 271 3 291 3 314 3 324 3 401 3 414 3 428 3 442 3 466 3 29 3 143 3 366 3 473 4 477 4 496 4 497 4 507 4 523 4 525 4 171 3 202 3 231 3 285 3 304 3 355 3 406 3 472 3 590 4
3 177 1 18 1 311 1
0
0
0
0
0
0
0
2 219 1 16 1
0
1 219 1
0
0
0
2 16 1 407 1
0
0
0
0
0
0
1 16 1
2 105 1 326 1
0
0
0
0
0
2 56 1 240 1
0
0
0
1 105 1
0
0
0
2 240 1 56 1
0
0
0
0
0
2 129 1 177 1
1 56 1
0
0
0
0
0
1 386 1
1 363 1
0
0
0
1 240 1
0
1 246 1
0
0
0
0
0
0
0
2 326 1 219 1
1 129 1
0
0
0
0
2 386 1 105 1
0
0
0
0
0
2 18 1 177 1
0
1 248 1
0
0
0
0
0
2 177 1 363 1
0
0
1 246 1
0
0
0
0
1 347 1
0
0
0
0
0
2 248 1 143 1
0
