93 19 4 46 4 63 4 70 4 76 4 87 4 89 4 92 4 94 4 104 4 126 4 129 4 138 4 148 4 156 4 171 4 173 4 174 4 182 4 189 4 192 4 197 4 201 4 202 4 203 4 207 4 211 4 214 4 216 4 218 4 225 4 237 4 240 4 241 4 244 4 247 4 249 4 53 3 85 3 53 4 85 4 113 4 115 4 219 4 263 4 290 4 315 4 332 4 347 4 351 4 38 3 86 3 102 3 129 3 138 3 164 3 173 3 189 3 203 3 207 3 214 3 244 3 86 4 164 4 261 4 355 4 363 4 365 4 416 4 432 4 451 4 239 3 246 3 257 3 314 3 324 3 414 3 428 3 442 3 466 3 143 3 366 3 488 4 496 4 497 4 507 4 510 4 523 4 171 3 202 3 304 3 355 3 590 4
3 221 1 18 1 311 1
0
0
0
0
0
0
0
2 219 1 16 1
0
1 219 1
0
0
0
2 16 1 413 1
0
0
0
0
0
0
1 16 1
2 105 1 326 1
0
0
0
0
0
2 126 1 241 1
0
0
0
1 105 1
0
0
0
2 241 1 126 1
0
0
0
0
0
2 129 1 221 1
1 126 1
0
0
0
0
0
1 386 1
1 363 1
0
0
0
1 241 1
0
1 246 1
0
0
0
0
0
0
0
2 326 1 219 1
1 129 1
0
0
0
0
2 386 1 105 1
0
0
0
0
0
2 18 1 221 1
0
1 248 1
0
0
0
0
0
2 221 1 363 1
0
0
1 246 1
0
0
0
0
1 347 1
0
0
0
0
0
2 248 1 143 1
0
