92 63 4 76 4 92 4 94 4 104 4 111 4 129 4 138 4 148 4 156 4 171 4 173 4 174 4 182 4 189 4 197 4 201 4 202 4 203 4 207 4 214 4 216 4 218 4 230 4 237 4 240 4 241 4 244 4 247 4 15 4 113 4 115 4 219 4 263 4 285 4 290 4 332 4 347 4 351 4 352 4 14 3 38 3 102 3 111 3 118 3 129 3 138 3 164 3 173 3 189 3 203 3 207 3 214 3 244 3 14 4 86 4 164 4 318 4 363 4 369 4 374 4 412 4 416 4 433 4 446 4 447 4 451 4 235 3 246 3 253 3 270 3 271 3 324 3 387 3 389 3 402 3 414 3 428 3 215 3 277 3 388 3 496 4 497 4 171 3 202 3 285 3 446 3 472 3 478 3 267 4 590 4 605 4
4 73 1 93 1 105 1 215 1
0
0
0
0
0
0
0
0
1 219 1
0
0
0
0
0
0
0
0
1 345 1
1 246 1
0
0
0
0
0
0
0
1 246 1
0
1 248 1
0
0
0
0
0
0
1 226 1
0
0
1 226 1
0
0
0
0
0
1 363 1
0
0
0
1 195 1
0
0
0
0
1 377 1
0
0
0
0
0
0
0
0
1 248 1
0
0
0
0
0
0
0
0
1 361 1
0
0
0
0
0
0
0
0
1 437 1
0
0
0
0
0
0
0
0
1 195 1
0
0
0
0
0
0
0
0
0
