86 15 4 70 4 73 2 76 4 91 4 92 4 104 4 148 4 156 4 182 4 202 4 213 4 216 4 218 4 219 4 225 2 231 4 237 4 241 4 242 2 249 4 263 4 264 4 280 4 283 2 290 4 300 2 306 2 317 4 331 4 332 4 5 3 9 3 14 3 25 3 34 3 38 3 68 3 69 3 102 3 129 3 164 3 173 3 189 3 203 3 207 3 210 3 214 3 223 3 14 4 24 2 157 4 164 4 203 4 207 4 214 4 235 2 320 2 345 2 363 4 374 4 388 2 409 4 412 4 437 2 445 4 447 4 235 3 283 3 402 3 13 2 29 3 67 3 388 3 331 2 363 2 496 4 512 4 520 3 202 3 231 3 409 3 267 4 580 2 590 4 612 4
2 1 1 43 1
0
0
0
0
1 71 1
0
0
0
0
1 98 1
0
0
0
0
1 228 1
0
0
0
0
1 103 1
0
0
0
0
1 72 1
0
0
0
0
1 97 1
0
0
0
0
1 21 1
0
0
0
0
1 197 1
0
0
0
0
1 202 1
0
0
0
1 412 1
1 412 1
0
0
0
0
0
0
0
0
0
0
0
0
0
0
0
0
0
0
0
0
0
0
0
0
0
0
0
0
0
0
0
0
0
0
0
0
0
0
0
0
0
0
0
0
0
0
0
0
0
