86 15 4 46 4 63 4 70 4 76 4 89 4 91 4 92 4 104 4 148 4 156 4 182 4 202 4 213 4 216 4 218 4 219 4 231 4 237 4 241 4 249 4 263 4 264 4 280 4 290 4 317 4 331 4 332 4 337 4 5 3 9 3 14 3 25 3 34 3 38 3 68 3 69 3 102 3 129 3 164 3 173 3 189 3 203 3 207 3 210 3 214 3 223 3 14 4 157 4 164 4 203 4 206 4 207 4 214 4 338 3 363 4 374 4 404 4 406 4 409 4 411 4 412 4 416 4 431 4 445 4 447 4 200 3 235 3 283 3 402 3 29 3 67 3 388 3 468 4 490 4 496 4 512 4 520 3 523 4 202 3 231 3 406 3 409 3 267 4 590 4 612 4
6 1 1 43 1 71 1 98 1 400 1 437 1
0
0
0
0
1 71 1
0
0
0
0
1 98 1
0
0
0
0
2 210 1 404 1
1 228 1
0
0
0
0
0
1 103 1
0
0
0
0
0
1 348 1
0
0
0
0
0
1 97 1
0
0
0
0
0
0
0
1 21 1
0
0
0
0
0
0
0
1 197 1
0
0
0
0
0
0
0
1 206 1
0
0
0
0
0
0
0
1 437 1
0
0
0
0
0
0
0
0
0
0
0
0
0
0
0
0
0
0
0
0
0
0
0
0
0
0
0
0
0
0
0
0
0
