75 15 4 53 4 68 2 70 4 91 4 92 4 104 4 126 4 156 4 157 2 179 2 182 4 203 2 207 2 213 4 216 4 218 4 237 4 241 4 249 4 263 4 265 2 290 4 315 4 317 4 332 4 5 3 14 3 25 3 34 3 38 3 68 3 69 3 102 3 129 3 157 3 164 3 173 3 189 3 203 3 207 3 214 3 14 4 97 2 157 4 164 4 203 4 207 4 214 4 226 2 261 4 306 2 363 4 364 2 387 2 400 2 421 4 445 4 257 3 270 3 340 3 387 3 29 3 297 2 67 2 174 2 468 4 481 2 488 4 496 4 497 4 510 4 519 3 67 3 590 4
2 10 1 45 1
0
0
0
0
0
1 116 1
0
0
1 52 1
0
0
0
0
0
1 64 1
0
0
1 28 1
0
0
0
0
0
1 83 1
0
0
1 98 1
0
0
0
0
0
1 163 1
0
0
1 119 1
0
0
0
0
0
1 53 1
0
0
0
0
0
0
0
0
0
0
0
0
0
0
0
0
0
0
0
0
0
0
0
0
0
0
0
0
0
0
0
0
0
0
0
0
0
0
0
0
0
0
0
0
0
0
0
0
0
0
0
0
0
0
0
0
0
