74 15 4 53 4 70 4 91 4 92 4 104 4 126 4 156 4 182 4 213 4 216 4 218 4 237 4 241 4 249 4 263 4 264 4 280 4 290 4 315 4 317 4 332 4 339 4 5 3 7 3 9 3 14 3 25 3 34 3 38 3 68 3 69 3 102 3 129 3 157 3 164 3 173 3 189 3 203 3 207 3 210 3 214 3 223 3 14 4 157 4 164 4 203 4 207 4 214 4 261 4 363 4 374 4 398 4 411 4 421 4 445 4 257 3 270 3 340 3 387 3 410 3 29 3 67 3 468 4 488 4 490 4 496 4 497 4 510 4 519 3 526 4 530 3 590 4 612 4
4 10 1 45 1 52 1 116 1
0
0
0
0
0
1 116 1
0
0
1 52 1
0
0
1 52 1
0
0
2 24 1 64 1
1 64 1
0
0
0
1 28 1
0
0
0
0
0
0
1 339 1
0
0
0
1 98 1
0
0
0
0
0
0
1 163 1
0
0
0
1 119 1
0
0
0
0
0
0
1 327 1
0
0
0
1 394 1
0
0
0
0
0
0
0
0
0
0
0
0
0
0
0
0
0
0
0
0
0
0
0
0
0
0
0
0
0
0
0
0
0
0
0
0
0
0
0
0
0
0
0
0
0
0
