75 23 2 57 4 58 4 59 4 70 4 91 4 92 4 104 4 127 4 156 4 174 2 182 4 213 4 216 4 218 4 231 4 237 4 240 4 243 2 249 4 253 2 258 4 263 4 287 2 290 4 291 4 301 2 317 4 352 4 34 3 38 3 102 3 111 3 164 3 173 3 189 3 196 3 203 3 205 3 207 3 214 3 38 2 44 2 68 2 157 4 164 4 203 4 207 4 214 4 246 2 250 2 363 4 426 2 445 4 246 3 276 3 283 3 291 3 401 3 414 3 29 3 67 3 124 2 250 4 281 2 419 2 469 2 482 4 496 4 497 4 503 4 518 3 231 3 112 2 590 4
2 33 1 45 1
0
0
0
0
1 189 1
0
0
0
1 55 1
0
0
0
0
1 117 1
0
0
0
1 193 1
0
0
0
0
1 300 1
0
0
0
1 36 1
0
0
0
0
1 250 1
0
0
0
1 182 1
0
0
0
0
1 56 1
0
0
0
1 283 1
0
0
0
0
0
0
0
0
0
0
0
0
0
0
0
0
0
0
0
0
0
0
0
0
0
0
0
0
0
0
0
0
0
0
0
0
0
0
0
0
0
0
0
0
0
0
0
0
0
0
0
0
0
0
