72 57 4 58 4 59 4 70 4 89 4 91 4 92 4 104 4 127 4 156 4 182 4 213 4 216 4 218 4 231 4 237 4 240 4 249 4 258 4 263 4 290 4 291 4 317 4 352 4 5 3 8 3 25 3 34 3 38 3 68 3 69 3 102 3 111 3 157 3 164 3 173 3 189 3 196 3 203 3 205 3 207 3 214 3 223 3 157 4 164 4 203 4 207 4 214 4 280 4 363 4 374 4 445 4 446 4 246 3 276 3 283 3 291 3 401 3 414 3 29 3 67 3 250 4 482 4 496 4 497 4 503 4 518 3 523 4 231 3 446 3 590 4 612 4
4 33 1 45 1 55 1 189 1
0
0
0
0
1 189 1
0
0
0
1 55 1
0
0
0
0
1 117 1
1 341 1
0
0
0
1 193 1
0
0
0
0
2 300 1 426 1
0
0
0
0
0
1 36 1
0
0
0
0
0
1 330 1
0
0
0
0
1 182 1
0
0
0
1 89 1
0
0
0
0
0
0
1 283 1
0
0
0
0
0
0
0
0
0
0
0
0
0
0
0
0
0
0
0
0
0
0
0
0
0
0
0
0
0
0
0
0
0
0
0
0
0
0
0
0
0
0
0
0
0
0
0
