70 43 2 46 4 91 4 92 4 104 4 156 4 168 4 182 4 213 4 216 4 218 4 231 4 237 4 240 4 241 4 247 4 249 4 259 4 263 4 269 4 281 2 289 4 290 4 305 2 310 2 343 2 34 3 38 3 68 3 102 3 164 3 173 3 189 3 203 3 207 3 214 3 244 3 164 4 203 4 207 4 214 4 363 4 371 4 373 4 382 2 389 2 399 4 422 2 423 2 424 2 445 4 180 3 253 3 389 3 29 3 162 3 214 2 289 2 496 4 510 4 514 4 555 4 231 3 289 3 304 3 343 3 399 3 492 3 583 2 590 4
1 33 1
0
0
0
1 336 1
0
0
0
1 28 1
0
0
0
1 44 1
0
0
0
1 316 1
0
0
0
1 46 1
0
0
0
1 207 1
0
0
0
2 184 1 372 1
0
0
0
2 36 1 184 1
0
0
0
1 269 1
0
0
0
2 242 1 373 1
0
0
0
2 168 1 36 1
0
0
0
1 389 1
0
0
0
1 242 1
0
0
0
0
0
0
0
0
0
0
0
0
0
0
0
0
0
0
0
0
0
0
0
0
0
0
0
0
0
0
0
0
0
0
0
0
0
0
0
0
0
0
0
0
0
0
0
