72 15 4 46 4 57 4 58 4 59 4 63 4 70 4 85 4 87 4 91 4 92 4 104 4 156 4 168 4 182 4 213 4 216 4 218 4 231 4 237 4 240 4 241 4 247 4 249 4 263 4 290 4 351 4 352 4 34 3 38 3 86 3 102 3 111 3 129 3 164 3 173 3 189 3 196 3 203 3 205 3 207 3 210 3 214 3 86 4 164 4 203 4 207 4 214 4 363 4 374 4 416 4 421 4 445 4 447 4 451 4 270 3 271 3 387 3 402 3 441 3 29 3 162 3 250 4 468 4 496 4 497 4 514 4 526 4 231 3 304 3 343 3 590 4
7 29 1 33 1 39 1 45 1 415 1 563 1 583 1
0
0
0
1 39 1
0
0
0
1 29 1
0
0
0
1 28 1
0
0
0
1 316 1
0
0
0
0
0
1 300 1
0
0
0
0
0
1 154 1
0
0
0
0
0
1 343 1
0
0
0
0
0
2 163 1 516 1
0
0
0
0
0
2 156 1 163 1
0
0
0
0
0
2 187 1 156 1
0
0
0
0
0
2 374 1 187 1
0
0
0
0
0
1 374 1
0
0
0
0
0
0
0
0
0
0
0
0
0
0
0
0
0
0
0
0
0
0
0
0
0
0
0
0
0
0
0
0
0
0
0
