57 63 4 76 4 92 4 94 4 104 4 113 4 148 4 156 4 168 4 182 4 188 4 202 4 213 4 216 4 218 4 237 4 241 4 247 4 263 4 290 4 332 4 38 3 102 3 129 3 164 3 173 3 203 3 207 3 214 3 164 4 203 4 207 4 214 4 318 4 355 4 363 4 369 4 412 4 416 4 432 4 445 4 239 3 314 3 324 3 466 3 81 3 366 3 450 3 474 4 496 4 512 4 522 4 202 3 355 3 527 3 590 4 611 4
1 93 1
0
0
0
0
0
0
0
0
1 93 1
0
0
1 16 1
0
0
0
1 182 1
0
0
1 236 1
0
0
0
1 60 1
0
0
1 18 1
0
0
0
1 113 1
0
0
1 318 1
0
0
0
1 92 1
0
0
1 405 1
0
0
0
1 483 1
0
0
0
0
0
0
0
0
0
0
0
0
0
0
0
0
0
0
0
0
0
0
0
0
0
0
0
0
0
0
0
0
0
0
0
0
0
0
0
0
0
0
0
0
0
0
0
0
0
0
0
0
0
0
0
