102 14 4 15 4 34 4 36 4 38 4 66 4 69 4 70 4 89 4 90 4 91 4 92 4 99 4 102 4 104 4 117 4 129 4 130 4 156 4 157 4 164 4 29 4 68 2 111 4 168 4 173 4 174 4 175 2 182 4 189 4 197 4 201 4 203 4 205 4 207 4 210 4 213 4 214 4 216 4 218 4 219 2 223 4 229 2 231 4 237 4 241 4 249 4 232 2 14 2 157 2 263 4 264 4 280 4 290 4 306 2 317 4 332 4 14 3 34 3 38 3 68 3 69 3 102 3 111 3 129 3 157 3 164 3 173 3 189 3 203 3 205 3 207 3 210 3 214 3 223 3 360 4 363 4 374 4 398 4 400 2 404 4 421 4 431 4 445 4 446 4 282 3 414 3 29 3 162 3 341 2 203 2 219 4 431 2 468 4 496 4 498 2 523 4 231 3 343 3 446 3 563 2 590 4
2 10 1 111 1
0
2 111 1 28 1
0
1 40 1
1 111 1
2 28 1 205 1
0
2 40 1 229 1
1 28 1
2 28 1 129 1
0
1 229 1
1 210 1
1 129 1
0
3 163 1 40 1 222 1
0
1 154 1
1 154 1
1 205 1
0
2 163 1 328 1
1 40 1
1 210 1
1 163 1
1 328 1
0
0
2 129 1 91 1
2 129 1 163 1
0
1 360 1
1 360 1
0
0
2 154 1 201 1
2 154 1 14 1
0
0
0
1 201 1
0
0
2 201 1 328 1
1 89 1
0
0
0
0
0
0
1 201 1
0
0
0
0
0
0
0
0
0
0
0
0
0
0
0
0
0
0
0
0
0
0
0
0
0
0
0
0
0
0
0
0
0
0
0
0
0
0
0
0
0
0
0
0
0
0
0
