63 55 2 57 4 58 4 59 4 73 2 75 2 76 4 92 4 104 4 148 4 156 4 168 4 175 2 182 4 202 4 213 4 216 4 218 4 230 2 235 2 237 4 240 4 241 4 258 4 263 4 290 4 331 4 352 4 14 3 34 3 38 3 102 3 164 3 173 3 196 3 203 3 207 3 214 3 14 4 164 4 203 4 207 4 214 4 321 2 363 4 412 4 445 4 447 4 235 3 253 3 402 3 428 3 29 3 68 2 250 4 202 2 298 2 496 4 497 4 503 4 202 3 267 4 590 4
1 310 1
0
1 45 1
0
1 71 1
0
2 71 1 267 1
0
0
0
1 54 1
0
1 267 1
0
1 363 1
0
0
0
1 72 1
0
1 54 1
0
0
0
1 61 1
0
1 428 1
0
0
0
2 240 1 428 1
0
0
0
1 240 1
0
1 240 1
0
0
0
0
0
2 72 1 412 1
0
1 412 1
0
0
0
0
0
0
0
0
0
0
0
0
0
0
0
0
0
0
0
0
0
0
0
0
0
0
0
0
0
0
0
0
0
0
0
0
0
0
0
0
0
0
0
0
0
0
0
0
0
0
0
0
0
0
0
