70 57 4 58 4 59 4 70 4 76 4 92 4 104 4 127 4 148 4 156 4 168 4 182 4 202 4 213 4 216 4 218 4 237 4 240 4 241 4 249 4 258 4 263 4 280 4 290 4 291 4 331 4 352 4 7 3 8 3 9 3 14 3 34 3 38 3 102 3 164 3 173 3 189 3 196 3 203 3 207 3 214 3 223 3 14 4 164 4 203 4 207 4 214 4 363 4 374 4 409 4 412 4 445 4 447 4 235 3 253 3 291 3 402 3 428 3 29 3 250 4 468 4 496 4 497 4 503 4 202 3 304 3 409 3 267 4 590 4 612 4
1 310 1
0
1 45 1
0
1 71 1
0
2 71 1 267 1
0
0
0
1 252 1
0
1 267 1
0
1 154 1
0
0
0
2 252 1 346 1
0
0
0
0
0
2 154 1 61 1
0
1 428 1
0
0
0
2 346 1 428 1
0
0
0
1 253 1
0
2 168 1 253 1
0
0
0
0
0
2 253 1 56 1
0
1 56 1
0
0
0
1 56 1
0
0
0
0
0
0
0
0
0
0
0
0
0
0
0
0
0
0
0
0
0
0
0
0
0
0
0
0
0
0
0
0
0
0
0
0
0
0
0
0
0
0
0
0
0
0
0
0
0
0
0
