67 13 2 36 2 73 2 76 4 91 4 92 4 98 2 104 4 133 2 148 4 156 4 182 4 202 4 206 2 213 4 216 4 218 4 237 4 241 4 247 4 249 4 263 4 290 4 331 4 14 3 34 3 38 3 102 3 111 3 153 3 164 3 173 3 203 3 205 3 207 3 214 3 14 4 153 4 164 4 203 4 207 4 214 4 363 4 388 2 412 4 417 2 445 4 447 4 180 3 235 3 402 3 29 3 384 2 388 3 206 4 251 2 331 2 432 2 492 2 496 4 514 4 120 3 202 3 492 3 267 4 580 2 590 4
1 117 1
0
1 106 1
0
0
0
1 74 1
0
0
0
0
0
1 267 1
0
0
0
0
0
0
0
1 235 1
0
0
0
0
0
0
0
0
0
1 241 1
0
0
0
0
0
0
0
0
0
0
0
1 153 1
0
0
0
0
0
0
0
0
0
0
0
0
0
0
0
0
0
0
0
0
0
0
0
0
0
0
0
0
0
0
0
0
0
0
0
0
0
0
0
0
0
0
0
0
0
0
0
0
0
0
0
0
0
0
0
0
0
