76 15 4 63 4 70 4 76 4 91 4 92 4 104 4 148 4 156 4 168 4 182 4 202 4 213 4 216 4 218 4 237 4 241 4 247 4 249 4 259 4 263 4 280 4 290 4 317 4 331 4 14 3 25 3 34 3 38 3 102 3 111 3 129 3 153 3 164 3 173 3 189 3 203 3 205 3 207 3 210 3 214 3 244 3 14 4 153 4 157 4 164 4 203 4 207 4 214 4 244 4 363 4 371 4 373 4 374 4 399 4 412 4 445 4 447 4 180 3 235 3 402 3 29 3 67 3 388 3 206 4 490 4 496 4 514 4 555 4 120 3 202 3 399 3 492 3 267 4 590 4 612 4
2 1 1 75 1
0
1 106 1
0
0
0
1 74 1
0
0
0
0
0
1 267 1
0
0
0
0
0
1 252 1
0
0
0
0
0
1 259 1
0
0
0
0
0
1 185 1
0
0
0
0
0
1 13 1
0
0
0
0
0
1 207 1
0
0
0
0
0
1 326 1
0
0
0
0
0
0
0
0
0
0
0
0
0
0
0
0
0
0
0
0
0
0
0
0
0
0
0
0
0
0
0
0
0
0
0
0
0
0
0
0
0
0
0
0
0
0
0
0
0
0
0
