60 19 4 48 2 92 4 99 2 104 4 119 2 143 2 156 4 168 4 182 4 211 4 213 4 216 4 218 4 228 2 237 4 240 4 241 4 263 4 287 2 290 4 332 4 38 3 68 3 102 3 129 3 164 3 173 3 189 3 203 3 207 3 214 3 18 2 164 4 203 4 207 4 214 4 355 4 363 4 365 4 369 4 413 2 432 4 445 4 239 3 257 3 283 3 314 3 466 3 366 3 211 2 355 2 432 2 496 4 497 4 526 4 143 3 355 3 586 2 590 4
2 45 1 64 1
0
0
1 116 1
0
0
0
1 98 1
0
0
0
0
1 17 1
0
0
0
0
0
1 104 1
0
0
0
0
0
0
1 283 1
0
0
0
0
0
0
0
1 332 1
0
0
0
0
0
0
0
0
1 97 1
0
0
0
0
0
0
0
0
0
1 403 1
0
0
0
0
0
0
0
0
0
0
0
0
0
0
0
0
0
0
0
0
0
0
0
0
0
0
0
0
0
0
0
0
0
0
0
0
0
0
0
0
0
0
0
0
0
0
0
