64 16 2 19 4 54 2 58 4 59 4 92 4 97 2 104 4 156 4 168 4 182 4 211 4 213 4 216 4 218 4 237 4 239 2 240 4 258 4 263 4 290 4 332 4 346 2 351 4 352 4 38 3 102 3 129 3 164 3 173 3 189 3 196 3 203 3 207 3 214 3 164 4 203 4 207 4 214 4 282 2 355 4 362 4 363 4 365 4 369 4 392 2 432 4 445 4 239 3 253 3 282 3 314 3 466 3 366 3 355 2 362 2 496 4 497 4 503 4 143 3 355 3 469 2 487 2 590 4
2 45 1 55 1
0
0
0
0
1 48 1
1 48 1
0
1 17 1
0
1 17 1
0
1 17 1
1 54 1
0
1 54 1
1 352 1
0
1 352 1
0
1 54 1
1 98 1
0
1 98 1
0
1 355 1
0
0
1 355 1
1 228 1
1 98 1
0
1 314 1
1 228 1
0
0
1 97 1
1 97 1
0
0
0
1 332 1
1 228 1
0
0
1 403 1
1 403 1
0
1 542 1
1 542 1
0
0
0
0
1 97 1
0
0
0
0
0
0
0
0
0
0
0
0
0
0
0
0
0
0
0
0
0
0
0
0
0
0
0
0
0
0
0
0
0
0
0
0
0
0
0
0
0
0
0
0
0
