62 19 4 57 4 58 4 59 4 63 4 92 4 104 4 156 4 168 4 182 4 211 4 213 4 216 4 218 4 237 4 240 4 258 4 263 4 290 4 332 4 351 4 352 4 38 3 102 3 129 3 164 3 173 3 189 3 196 3 203 3 207 3 214 3 164 4 203 4 207 4 214 4 355 4 362 4 363 4 365 4 369 4 371 4 374 4 416 4 432 4 445 4 239 3 253 3 282 3 314 3 402 3 441 3 466 3 143 3 250 4 366 3 496 4 497 4 503 4 507 4 355 3 590 4
7 17 1 45 1 55 1 346 1 487 1 56 1 366 1
0
1 55 1
0
0
1 48 1
1 48 1
0
1 17 1
0
1 17 1
0
1 17 1
1 54 1
0
1 54 1
1 352 1
0
1 352 1
0
1 54 1
1 371 1
0
1 371 1
1 182 1
0
0
1 355 1
0
0
1 355 1
0
2 254 1 256 1
1 362 1
0
0
0
3 254 1 255 1 256 1
3 254 1 255 1 256 1
0
0
0
1 374 1
0
0
1 374 1
1 255 1
0
0
1 366 1
0
1 366 1
0
0
0
0
1 56 1
1 56 1
0
0
1 56 1
0
1 542 1
0
0
0
0
0
0
0
0
0
0
0
0
0
0
0
0
0
0
0
0
0
0
0
0
0
0
0
0
0
0
0
0
0
0
0
0
0
