85 63 4 85 4 92 4 94 4 104 4 113 4 115 4 148 4 156 4 168 4 182 4 213 4 216 4 218 4 219 4 237 4 240 4 241 4 247 4 259 4 263 4 269 4 285 4 289 4 290 4 347 4 351 4 7 3 8 3 9 3 34 3 38 3 86 3 102 3 111 3 138 3 164 3 173 3 189 3 196 3 203 3 207 3 214 3 244 3 86 4 138 4 164 4 203 4 207 4 214 4 244 4 278 4 363 4 374 4 411 4 412 4 416 4 433 4 445 4 447 4 451 4 129 3 270 3 271 3 324 3 428 3 29 3 215 3 220 3 277 3 261 4 473 4 477 4 496 4 497 4 502 4 171 3 278 3 285 3 289 3 304 3 472 3 478 3 590 4 605 4
8 45 1 93 1 100 1 104 1 361 1 500 1 581 1 585 1
0
0
0
0
1 93 1
0
0
0
1 104 1
1 104 1
1 100 1
0
0
0
1 100 1
1 273 1
0
0
0
1 347 1
1 345 1
0
0
2 347 1 505 1
1 94 1
0
0
0
0
0
0
3 286 1 94 1 347 1
0
0
0
0
0
0
2 286 1 94 1
0
1 248 1
0
0
2 248 1 286 1
0
0
0
0
0
1 95 1
0
2 445 1 248 1
0
0
0
0
0
0
3 138 1 95 1 445 1
0
0
0
0
2 138 1 95 1
0
0
0
0
0
0
0
1 138 1
0
0
0
0
0
0
1 500 1
0
0
0
0
1 585 1
0
0
0
0
0
0
0
0
0
0
0
0
0
0
0
