58 56 2 58 4 59 4 60 2 76 4 92 4 104 4 148 4 156 4 168 4 170 2 182 4 193 2 202 4 213 4 216 4 218 4 237 4 240 4 241 4 247 4 263 4 290 4 341 2 352 4 38 3 102 3 129 3 164 3 173 3 196 3 203 3 207 3 214 3 244 3 164 4 203 4 207 4 214 4 244 4 324 2 363 4 445 4 450 2 189 3 324 3 81 3 450 3 203 2 453 2 496 4 503 4 522 4 202 3 471 2 565 2 590 4 611 4
1 145 1
0
0
0
0
0
1 98 1
0
0
0
0
0
1 230 1
0
0
0
0
0
1 346 1
0
0
0
0
0
1 61 1
0
0
0
0
0
1 97 1
0
0
0
0
0
2 54 1 114 1
0
0
0
0
0
1 226 1
0
0
1 564 1
0
0
0
0
0
0
0
0
0
0
0
0
0
0
0
0
0
0
0
0
0
0
0
0
0
0
0
0
0
0
0
0
0
0
0
0
0
0
0
0
0
0
0
0
0
0
0
0
0
0
0
0
0
0
