78 15 4 63 4 70 4 76 4 92 4 104 4 148 4 156 4 182 4 188 4 202 4 213 4 216 4 218 4 219 4 231 4 237 4 241 4 249 4 263 4 264 4 280 4 289 4 290 4 331 4 339 4 5 3 9 3 14 3 25 3 34 3 38 3 68 3 69 3 102 3 164 3 173 3 189 3 203 3 207 3 210 3 214 3 223 3 14 4 157 4 164 4 203 4 207 4 214 4 317 4 363 4 374 4 409 4 411 4 412 4 416 4 444 4 445 4 447 4 235 3 270 3 276 3 402 3 410 3 29 3 388 3 206 4 474 4 490 4 496 4 514 4 526 4 202 3 231 3 289 3 409 3 590 4 612 4
4 33 1 71 1 73 1 78 1
0
0
1 33 1
1 33 1
0
1 78 1
0
1 78 1
1 73 1
0
0
1 73 1
0
0
1 72 1
1 72 1
0
0
0
1 29 1
1 29 1
1 183 1
0
1 68 1
0
0
1 68 1
1 395 1
0
0
0
1 327 1
0
0
1 327 1
1 170 1
0
0
0
1 402 1
0
0
0
2 170 1 223 1
0
0
0
0
0
0
0
0
1 223 1
0
0
0
0
0
0
0
0
0
0
0
0
0
0
0
0
0
0
0
0
0
0
0
0
0
0
0
0
0
0
0
0
0
0
0
0
0
0
0
0
0
0
0
0
0
0
