82 15 4 34 2 53 4 58 4 59 4 70 4 76 4 85 4 87 4 92 4 104 4 126 4 156 4 163 2 173 2 174 2 182 4 213 4 214 2 216 4 218 4 228 2 237 4 240 4 241 4 247 4 249 4 263 4 264 4 280 4 290 4 306 2 332 4 339 4 351 4 352 4 5 3 7 3 8 3 9 3 25 3 34 3 38 3 68 3 69 3 102 3 157 3 164 3 173 3 189 3 196 3 203 3 207 3 210 3 214 3 223 3 157 4 164 4 203 4 207 4 214 4 317 4 359 2 363 4 374 4 400 2 421 4 445 4 389 3 441 3 29 3 321 2 468 4 495 2 496 4 510 4 514 4 526 4 343 3 495 3 590 4 612 4
2 10 1 281 1
0
0
0
0
0
1 227 1
0
0
0
0
0
1 303 1
0
0
0
0
0
1 185 1
0
0
0
0
0
1 133 1
0
0
0
0
0
1 343 1
0
0
0
0
0
2 68 1 498 1
0
0
0
0
0
2 175 1 68 1
0
0
0
0
0
1 175 1
0
0
0
0
0
0
0
0
0
0
0
0
0
0
0
0
0
0
0
0
0
0
0
0
0
0
0
0
0
0
0
0
0
0
0
0
0
0
0
0
0
0
0
0
0
0
0
0
0
0
0
