83 34 4 36 4 38 4 59 4 85 4 87 4 92 4 99 4 102 4 104 4 115 4 117 4 130 4 156 4 164 4 29 4 36 2 48 2 50 2 68 2 111 4 116 2 168 4 173 4 174 4 182 4 189 4 197 4 203 4 204 2 207 4 213 4 214 4 216 4 218 4 231 4 237 4 240 4 241 4 251 2 85 3 15 4 58 4 70 4 91 4 188 4 249 4 263 4 290 4 332 4 351 4 352 4 34 3 38 3 68 3 102 3 111 3 164 3 173 3 189 3 203 3 207 3 214 3 228 2 363 4 398 4 421 4 445 4 270 3 29 3 130 2 162 3 203 2 231 2 342 2 468 4 474 4 496 4 498 2 231 3 497 4 590 4 599 2
3 33 1 45 1 10 1
0
0
0
0
0
1 39 1
2 10 1 39 1
1 24 1
0
0
1 24 1
1 40 1
1 40 1
0
0
1 40 1
0
1 154 1
1 44 1
2 39 1 44 1
0
2 39 1 270 1
0
1 270 1
0
0
0
1 44 1
2 44 1 154 1
1 390 1
0
1 260 1
0
0
1 154 1
1 242 1
2 154 1 260 1
0
0
0
0
2 24 1 445 1
0
1 305 1
0
1 242 1
0
0
0
0
0
0
0
0
0
0
0
0
0
0
0
0
0
0
0
0
0
0
0
0
0
0
0
0
0
0
0
0
0
0
0
0
0
0
0
0
0
0
0
0
0
0
0
0
0
0
0
0
0
