50 15 4 16 2 76 4 91 4 92 4 104 4 148 4 156 4 182 4 185 2 201 4 202 4 203 2 216 4 218 4 237 4 241 4 247 4 263 4 290 4 318 2 332 4 38 3 102 3 164 3 173 3 189 3 203 3 207 3 210 3 214 3 164 4 203 4 206 4 207 4 214 4 363 4 400 2 404 4 405 2 450 2 180 3 81 3 450 3 468 4 496 4 515 2 522 4 202 3 590 4
2 10 1 106 1
0
0
0
1 141 1
0
0
0
1 28 1
0
0
0
0
1 154 1
0
0
0
0
1 170 1
0
0
0
0
0
1 206 1
0
0
0
0
0
1 189 1
0
0
0
0
0
0
1 232 1
0
0
0
0
0
0
1 91 1
0
0
0
0
0
0
0
0
0
0
0
0
0
0
0
0
0
0
0
0
0
0
0
0
0
0
0
0
0
0
0
0
0
0
0
0
0
0
0
0
0
0
0
0
0
0
0
0
0
0
0
0
0
0
0
