58 15 4 63 4 76 4 91 4 92 4 104 4 148 4 156 4 168 4 182 4 201 4 202 4 213 4 216 4 218 4 237 4 241 4 247 4 263 4 290 4 332 4 14 3 38 3 102 3 129 3 164 3 173 3 189 3 203 3 207 3 210 3 214 3 14 4 164 4 203 4 206 4 207 4 214 4 318 4 355 4 363 4 369 4 404 4 416 4 432 4 445 4 180 3 253 3 314 3 466 3 81 3 450 3 468 4 496 4 522 4 202 3 355 3 590 4
5 10 1 28 1 106 1 141 1 450 1
0
0
0
1 141 1
0
0
0
1 28 1
0
0
0
0
1 154 1
0
0
0
0
1 170 1
3 103 1 104 1 210 1
0
0
0
0
1 14 1
0
0
0
0
0
1 163 1
0
0
0
0
0
0
1 97 1
0
0
0
0
0
0
1 226 1
0
0
0
0
0
0
1 404 1
0
0
0
0
0
0
0
0
0
0
0
0
0
0
0
0
0
0
0
0
0
0
0
0
0
0
0
0
0
0
0
0
0
0
0
0
0
0
0
0
0
0
0
0
0
0
0
0
