82 46 4 53 4 58 4 59 4 63 4 70 4 76 4 89 4 92 4 104 4 126 4 156 4 182 4 213 4 216 4 218 4 237 4 240 4 241 4 247 4 249 4 259 4 263 4 269 4 280 4 290 4 315 4 351 4 352 4 5 3 7 3 8 3 9 3 25 3 34 3 38 3 68 3 69 3 102 3 111 3 157 3 164 3 173 3 189 3 196 3 203 3 205 3 207 3 214 3 223 3 244 3 57 4 157 4 164 4 203 4 207 4 214 4 317 4 363 4 374 4 411 4 416 4 419 4 431 4 445 4 200 3 253 3 428 3 29 3 67 3 250 4 479 4 496 4 497 4 510 4 514 4 523 4 526 4 283 3 304 3 590 4 612 4
8 1 1 253 1 310 1 336 1 422 1 423 1 424 1 586 1
0
0
0
1 253 1
0
0
0
0
0
1 310 1
0
0
0
1 336 1
0
0
0
0
1 44 1
0
0
1 48 1
0
0
0
0
0
1 23 1
0
0
0
0
0
0
0
1 103 1
0
0
2 63 1 242 1
0
0
0
0
1 46 1
0
0
0
0
0
0
0
0
0
3 156 1 214 1 485 1
0
0
0
0
0
0
0
2 304 1 214 1
0
0
0
0
0
0
0
2 63 1 304 1
0
0
0
0
0
0
0
1 63 1
0
0
0
0
0
1 586 1
0
0
0
0
0
0
0
0
0
0
0
0
0
0
0
