62 21 2 47 2 57 4 58 4 59 4 92 4 104 4 127 4 156 4 182 4 213 4 216 4 218 4 227 2 231 4 237 4 240 4 258 4 263 4 287 2 290 4 321 2 352 4 34 3 38 3 102 3 111 3 129 3 164 3 173 3 189 3 196 3 203 3 205 3 207 3 214 3 164 4 203 4 207 4 214 4 313 2 363 4 445 4 253 3 270 3 282 3 29 3 34 2 250 4 113 4 330 2 346 2 487 2 496 4 503 4 526 4 231 3 304 3 340 3 343 3 383 2 590 4
3 150 1 145 1 55 1
2 204 1 39 1
1 204 1
0
1 346 1
1 39 1
3 39 1 55 1 145 1
0
0
2 145 1 204 1
0
0
1 61 1
0
1 21 1
1 270 1
0
1 55 1
0
1 21 1
1 55 1
0
1 340 1
0
0
0
0
0
0
0
0
0
0
0
0
0
0
0
0
0
0
0
0
0
0
0
0
0
0
0
0
0
0
0
0
0
0
0
0
0
0
0
0
0
0
0
0
0
0
0
0
0
0
0
0
0
0
0
0
0
0
0
0
0
0
0
0
0
0
0
0
0
0
0
0
0
0
0
0
0
