85 58 4 59 4 76 4 85 4 87 4 91 4 92 4 104 4 148 4 156 4 164 2 182 4 213 4 216 4 218 4 219 4 226 2 231 4 237 4 240 4 241 4 244 2 247 4 253 2 263 4 270 2 273 2 290 4 313 2 321 2 347 4 351 4 352 4 34 3 38 3 86 3 102 3 111 3 129 3 138 3 164 3 173 3 189 3 196 3 203 3 205 3 207 3 214 3 244 3 86 4 138 4 164 4 203 4 207 4 214 4 244 4 252 2 363 4 371 4 387 2 389 2 428 2 445 4 447 4 451 4 270 3 387 3 389 3 428 3 29 3 215 3 426 2 445 2 493 2 496 4 497 4 514 4 526 4 528 4 231 3 253 3 304 3 343 3 322 2 590 4
4 33 1 45 1 39 1 252 1
0
1 39 1
2 213 1 193 1
0
0
1 213 1
2 47 1 213 1
0
0
2 383 1 47 1
0
1 47 1
0
1 3 1
0
0
2 274 1 383 1
1 274 1
0
0
2 204 1 274 1
0
0
2 204 1 185 1
0
1 185 1
0
2 358 1 185 1
0
1 343 1
2 343 1 358 1
0
0
0
2 215 1 343 1
1 215 1
0
2 38 1 215 1
0
0
2 445 1 38 1
0
0
0
1 445 1
0
0
1 583 1
0
0
0
0
0
0
0
0
0
0
0
0
0
0
0
0
0
0
0
0
0
0
0
0
0
0
0
0
0
0
0
0
0
0
0
0
0
0
0
0
0
0
0
0
0
0
0
0
0
0
0
