73 58 4 59 4 63 4 70 4 76 4 85 4 87 4 91 4 92 4 104 4 148 4 156 4 182 4 213 4 216 4 218 4 219 4 231 4 237 4 240 4 241 4 247 4 249 4 263 4 290 4 347 4 351 4 352 4 34 3 38 3 86 3 102 3 111 3 129 3 138 3 164 3 173 3 189 3 196 3 203 3 205 3 207 3 214 3 244 3 86 4 138 4 164 4 203 4 207 4 214 4 244 4 363 4 371 4 416 4 445 4 447 4 451 4 270 3 387 3 389 3 428 3 29 3 215 3 496 4 497 4 514 4 526 4 528 4 231 3 253 3 304 3 343 3 590 4
5 3 1 45 1 47 1 213 1 252 1
0
0
0
0
0
0
0
0
0
0
0
0
0
0
0
0
0
0
0
0
0
0
0
0
0
0
0
0
0
0
0
0
0
0
0
0
0
0
0
0
0
0
0
0
0
0
0
0
0
0
0
0
0
0
0
0
0
0
0
0
0
0
0
0
0
0
0
0
0
0
0
0
0
0
0
0
0
0
0
0
0
0
0
0
0
0
0
0
0
0
0
0
0
0
0
0
0
0
0
