106 15 4 91 4 92 4 94 4 104 4 105 2 148 4 156 4 168 4 182 4 213 4 216 4 218 4 236 2 237 4 240 4 241 4 244 2 247 4 249 4 259 4 263 4 264 4 269 4 280 4 289 4 290 4 317 4 332 4 347 4 351 4 352 4 5 3 7 3 8 3 9 3 25 3 34 3 38 3 68 3 69 3 102 3 118 3 138 3 164 3 173 3 189 3 203 3 207 3 210 3 214 3 223 3 244 3 138 4 164 4 203 4 207 4 214 4 244 4 260 2 261 4 363 4 371 4 373 4 374 4 398 4 399 4 417 2 421 4 445 4 180 3 196 3 271 3 282 3 324 3 389 3 428 3 466 3 29 3 67 3 220 3 272 3 277 3 356 3 364 2 212 2 271 2 368 2 389 2 445 2 468 4 477 4 490 4 496 4 510 4 514 4 555 4 171 3 289 3 399 3 472 3 492 3 286 2 590 4 605 4 612 4
4 10 1 43 1 212 1 428 1
0
0
1 193 1
1 193 1
0
0
1 101 1
1 101 1
0
1 310 1
0
1 310 1
0
1 154 1
0
1 154 1
1 252 1
0
0
1 252 1
1 197 1
0
0
2 197 1 425 1
0
0
0
2 185 1 282 1
0
0
1 185 1
1 282 1
0
0
1 386 1
1 109 1
0
1 421 1
0
1 247 1
0
1 408 1
0
1 212 1
1 109 1
0
0
0
2 428 1 492 1
0
0
2 247 1 428 1
0
0
0
2 212 1 247 1
0
0
1 212 1
0
0
0
0
0
0
0
0
0
0
0
0
0
0
0
0
0
0
0
0
0
0
0
0
0
0
0
0
0
0
0
0
0
0
0
0
0
0
0
0
