102 14 2 53 4 58 4 63 4 70 4 76 4 92 4 104 4 126 4 156 4 182 4 188 4 201 4 206 2 213 4 216 4 218 4 237 4 240 4 241 4 244 2 246 2 249 4 259 4 263 4 264 4 269 4 280 4 290 4 305 2 317 4 321 2 5 3 8 3 9 3 14 3 25 3 34 3 38 3 68 3 69 3 102 3 157 3 164 3 173 3 189 3 196 3 203 3 207 3 214 3 223 3 244 3 14 4 157 4 164 4 203 4 207 4 214 4 247 4 363 4 371 4 373 4 374 4 386 2 389 2 399 4 411 4 416 4 422 2 423 2 424 2 430 4 445 4 447 4 451 4 246 3 282 3 334 3 389 3 393 3 442 3 29 3 162 3 220 3 385 2 21 2 206 4 244 4 368 2 444 4 445 2 496 4 510 4 289 3 387 3 399 3 446 3 492 3 69 2 581 2 590 4 612 4
6 310 1 45 1 269 1 442 1 583 1 584 1
0
0
0
0
1 313 1
0
0
0
0
1 44 1
0
0
0
0
1 230 1
0
0
0
0
1 11 1
0
0
0
0
1 185 1
0
0
0
0
1 226 1
0
0
0
0
1 242 1
0
0
0
0
1 334 1
0
0
0
0
4 254 1 255 1 256 1 389 1
0
0
0
3 254 1 255 1 256 1
3 254 1 255 1 256 1
0
0
0
0
1 442 1
0
0
0
1 583 1
0
0
0
0
0
0
0
0
0
0
0
0
0
0
0
0
0
0
0
0
0
0
0
0
0
0
0
0
0
0
0
0
0
0
0
0
0
0
0
0
