64 15 4 46 4 70 4 89 4 91 4 92 4 104 4 156 4 182 4 201 4 213 4 216 4 218 4 231 4 237 4 240 4 241 4 249 4 263 4 290 4 317 4 332 4 351 4 352 4 34 3 38 3 102 3 111 3 157 3 164 3 173 3 189 3 203 3 205 3 207 3 210 3 214 3 157 4 164 4 203 4 207 4 214 4 363 4 397 4 421 4 444 4 445 4 446 4 180 3 246 3 253 3 276 3 283 3 334 3 393 3 414 3 442 3 29 3 468 4 496 4 523 4 231 3 446 3 590 4
4 29 1 33 1 106 1 189 1
0
0
2 106 1 189 1
0
0
1 189 1
2 189 1 29 1
0
1 29 1
2 29 1 232 1
0
1 232 1
0
2 232 1 334 1
0
1 334 1
2 334 1 46 1
0
0
1 46 1
2 46 1 36 1
0
0
2 36 1 442 1
0
0
0
3 231 1 442 1 182 1
0
0
0
0
2 182 1 319 1
0
0
1 182 1
0
0
2 319 1 231 1
0
0
0
0
3 319 1 231 1 475 1
0
0
0
0
0
3 38 1 475 1 484 1
0
1 38 1
0
0
3 368 1 484 1 38 1
0
0
0
0
0
2 38 1 368 1
0
0
0
0
1 368 1
0
0
0
0
0
0
0
0
0
0
0
0
0
0
0
0
0
0
0
0
0
0
0
0
0
0
0
0
0
0
0
0
0
