134 5 4 6 4 25 4 32 4 34 4 36 4 38 4 55 4 57 4 58 4 59 4 61 4 63 4 66 4 68 4 69 4 70 4 85 4 87 4 89 4 90 4 92 4 99 4 102 4 104 4 115 4 117 4 126 4 130 4 156 4 157 4 164 4 7 4 8 4 9 4 29 4 46 4 111 4 168 4 173 4 174 4 182 4 189 4 196 4 197 4 201 4 203 4 207 4 210 4 213 4 214 4 216 4 218 4 223 4 231 4 237 4 240 4 241 4 247 4 249 4 53 3 58 3 85 3 15 4 53 4 91 4 188 4 259 4 263 4 264 4 269 4 280 4 290 4 317 4 332 4 351 4 352 4 5 3 7 3 8 3 9 3 25 3 34 3 38 3 68 3 69 3 102 3 111 3 157 3 164 3 173 3 189 3 196 3 203 3 207 3 210 3 214 3 223 3 363 4 374 4 398 4 406 4 411 4 416 4 419 4 421 4 431 4 444 4 445 4 446 4 200 3 253 3 270 3 276 3 401 3 414 3 29 3 162 3 250 4 468 4 474 4 479 4 482 4 496 4 497 4 510 4 511 4 523 4 525 4 231 3 406 3 446 3 590 4 612 4
7 10 1 33 1 34 1 39 1 24 1 40 1 276 1
0
0
0
0
0
0
1 10 1
0
0
0
1 24 1
0
1 40 1
0
0
0
0
0
0
0
1 34 1
2 34 1 498 1
0
0
0
0
0
0
0
0
0
0
0
1 34 1
0
0
0
0
0
0
0
2 276 1 414 1
0
0
0
0
0
0
0
0
0
0
0
0
0
0
1 276 1
0
0
0
0
0
0
0
0
0
0
0
0
0
0
0
0
0
0
0
0
0
0
0
0
0
0
0
0
0
0
0
0
0
0
0
0
0
0
0
0
0
0
