53 46 4 63 4 70 4 85 4 87 4 92 4 104 4 148 4 156 4 168 4 182 4 213 4 216 4 218 4 231 4 237 4 240 4 263 4 290 4 351 4 34 3 38 3 86 3 102 3 129 3 164 3 173 3 189 3 203 3 207 3 214 3 53 4 86 4 113 4 164 4 203 4 207 4 214 4 315 4 363 4 416 4 445 4 451 4 324 3 393 3 29 3 496 4 521 4 528 4 555 4 231 3 253 3 590 4
6 33 1 43 1 86 1 336 1 424 1 604 1
0
0
1 86 1
0
0
0
0
1 43 1
0
0
1 336 1
0
0
0
0
1 98 1
0
0
1 209 1
0
0
0
0
1 316 1
0
0
0
0
1 44 1
1 46 1
0
0
0
0
0
1 422 1
0
1 44 1
0
0
1 46 1
0
0
1 87 1
0
0
0
1 435 1
0
0
0
1 268 1
1 268 1
0
0
0
0
0
0
2 87 1 528 1
0
0
0
0
1 87 1
0
0
0
1 604 1
0
0
0
0
0
0
0
0
0
0
0
0
0
0
0
0
0
0
0
0
0
0
0
0
0
0
0
0
0
0
