82 76 4 85 4 87 4 92 4 104 4 113 4 148 4 156 4 168 4 182 4 202 4 213 4 216 4 218 4 226 2 237 4 240 4 241 4 247 4 263 4 264 4 271 2 280 4 290 4 318 2 332 4 351 4 352 4 5 3 8 3 9 3 25 3 34 3 38 3 68 3 69 3 86 3 102 3 118 3 129 3 164 3 173 3 189 3 203 3 207 3 214 3 223 3 244 3 86 4 164 4 203 4 207 4 214 4 227 2 244 4 318 4 355 4 363 4 369 4 374 4 405 2 445 4 451 4 270 3 314 3 324 3 428 3 466 3 81 3 366 3 450 3 69 2 146 2 496 4 512 4 522 4 202 3 271 3 355 3 590 4 605 4 612 4
2 33 1 148 1
0
0
0
2 109 1 104 1
0
0
0
2 104 1 109 1
0
0
0
1 236 1
0
0
0
1 98 1
0
0
0
1 294 1
0
0
0
1 324 1
0
0
0
1 182 1
0
0
0
1 270 1
0
0
0
2 38 1 428 1
0
0
0
1 405 1
0
0
0
1 38 1
0
0
0
0
0
0
0
0
0
0
0
0
0
0
0
0
0
0
0
0
0
0
0
0
0
0
0
0
0
0
0
0
0
0
0
0
0
0
0
0
0
0
0
0
0
0
0
0
0
0
0
0
0
0
0
