67 15 4 42 2 76 4 92 4 104 4 148 4 156 4 178 2 182 4 188 4 191 2 202 4 213 4 216 4 218 4 235 2 237 4 241 4 247 4 263 4 290 4 331 4 14 3 34 3 38 3 102 3 129 3 164 3 173 3 189 3 203 3 207 3 210 3 214 3 244 3 14 4 75 2 79 2 164 4 170 2 203 4 207 4 214 4 240 4 244 4 363 4 398 4 412 4 437 2 445 4 447 4 235 3 402 3 388 3 202 2 320 2 363 2 402 2 474 4 496 4 171 3 202 3 343 3 267 4 331 2 590 4 605 4
1 71 1
0
0
1 74 1
1 74 1
0
1 40 1
0
1 40 1
1 78 1
0
0
2 78 1 72 1
0
0
1 73 1
1 72 1
0
1 345 1
0
1 73 1
1 320 1
0
0
2 345 1 202 1
0
0
1 390 1
1 320 1
0
1 230 1
0
1 202 1
1 275 1
0
0
3 230 1 92 1 80 1
0
0
2 80 1 92 1
1 275 1
0
1 312 1
0
1 92 1
1 235 1
0
0
1 80 1
1 572 1
0
0
1 312 1
0
0
0
1 235 1
0
0
0
0
0
0
0
0
0
0
0
0
0
0
0
0
0
0
0
0
0
0
0
0
0
0
0
0
0
0
0
0
0
0
0
0
0
0
0
0
0
0
0
