65 46 4 57 4 58 4 59 4 63 4 70 4 89 4 92 4 104 4 127 4 156 4 168 4 182 4 213 4 216 4 218 4 237 4 240 4 249 4 258 4 259 4 263 4 269 4 290 4 291 4 317 4 352 4 38 3 102 3 129 3 164 3 173 3 189 3 196 3 203 3 207 3 210 3 214 3 164 4 203 4 207 4 214 4 362 4 363 4 371 4 398 4 399 4 416 4 419 4 445 4 180 3 246 3 253 3 291 3 340 3 428 3 162 3 250 4 496 4 503 4 514 4 523 4 555 4 399 3 590 4
6 43 1 44 1 99 1 116 1 364 1 400 1
0
0
0
0
1 99 1
1 99 1
1 116 1
0
0
1 184 1
0
1 116 1
0
0
2 184 1 423 1
0
1 103 1
0
0
1 207 1
1 242 1
0
0
0
1 372 1
0
2 103 1 242 1
0
1 163 1
0
0
1 163 1
1 453 1
0
0
0
1 269 1
0
1 269 1
0
0
1 207 1
0
1 97 1
0
0
1 130 1
0
1 130 1
0
0
1 97 1
0
0
1 400 1
0
0
0
0
0
0
0
0
0
0
0
0
0
0
0
0
0
0
0
0
0
0
0
0
0
0
0
0
0
0
0
0
0
0
0
0
0
0
0
0
0
0
0
0
