58 46 4 57 4 58 4 59 4 63 4 70 4 89 4 92 4 104 4 127 4 156 4 182 4 213 4 216 4 218 4 237 4 240 4 249 4 258 4 263 4 290 4 291 4 317 4 352 4 34 3 38 3 102 3 111 3 164 3 173 3 196 3 203 3 205 3 207 3 214 3 164 4 203 4 207 4 214 4 362 4 363 4 416 4 419 4 445 4 291 3 340 3 442 3 29 3 250 4 335 3 496 4 497 4 503 4 523 4 120 3 304 3 428 3 590 4
4 45 1 55 1 150 1 205 1
0
0
1 45 1
1 45 1
0
1 55 1
0
0
1 55 1
1 205 1
0
0
2 205 1 250 1
0
0
1 310 1
0
1 250 1
0
1 352 1
0
1 310 1
1 54 1
0
0
1 156 1
1 352 1
0
0
1 362 1
1 54 1
0
1 323 1
0
0
2 156 1 133 1
0
0
0
0
0
0
1 323 1
0
1 291 1
0
0
0
0
0
1 133 1
0
1 340 1
0
0
0
0
1 56 1
0
0
1 56 1
0
0
0
0
0
0
0
1 484 1
0
0
0
0
0
0
0
0
0
0
0
0
0
0
0
0
0
0
0
0
0
0
0
0
0
0
0
0
0
0
