70 23 2 34 2 53 4 70 4 89 4 91 4 92 4 104 4 111 2 126 4 156 4 182 4 184 2 201 4 205 2 213 4 216 4 218 4 237 4 241 4 249 4 263 4 290 4 315 4 317 4 336 2 34 3 38 3 102 3 111 3 157 3 164 3 173 3 189 3 203 3 205 3 207 3 214 3 157 4 164 4 203 4 207 4 214 4 246 2 257 2 261 4 281 2 363 4 426 2 445 4 446 4 257 3 414 3 29 3 254 2 255 2 256 2 203 2 442 2 488 4 496 4 497 4 510 4 523 4 442 3 446 3 495 3 74 2 267 4 590 4
2 33 1 45 1
0
0
0
1 52 1
0
0
1 222 1
0
0
2 52 1 222 1
1 116 1
0
0
2 116 1 481 1
0
0
0
2 222 1 133 1
0
2 36 1 481 1
1 436 1
0
0
3 116 1 133 1 36 1
1 414 1
0
0
2 36 1 174 1
0
3 133 1 436 1 36 1
0
0
0
3 89 1 414 1 436 1
1 281 1
0
0
0
1 89 1
3 53 1 89 1 414 1
0
1 53 1
0
2 53 1 89 1
0
1 38 1
0
1 38 1
0
2 38 1 53 1
0
0
0
1 38 1
0
0
0
0
0
0
0
0
0
0
0
0
0
0
0
0
0
0
0
0
0
0
0
0
0
0
0
0
0
0
0
0
0
0
0
0
0
0
0
0
0
0
0
0
0
