71 53 4 70 4 92 4 104 4 126 4 156 4 182 4 188 4 203 2 213 4 214 2 216 4 218 4 231 4 237 4 241 4 249 4 263 4 281 2 284 2 290 4 315 4 34 3 38 3 102 3 153 3 157 3 164 3 173 3 189 3 203 3 207 3 214 3 63 4 76 4 89 2 89 4 90 2 153 4 157 4 164 4 203 4 207 4 214 4 261 4 317 4 360 4 363 4 416 4 444 4 445 4 446 4 205 3 257 3 334 3 414 3 29 3 130 2 481 2 488 4 496 4 499 2 510 4 523 4 120 3 231 3 446 3 495 3 267 4 276 2 590 4
6 52 1 175 1 182 1 257 1 504 1 517 1
0
0
1 123 1
0
0
2 174 1 110 1
0
0
0
0
1 174 1
0
1 108 1
0
0
1 83 1
0
0
2 34 1 108 1
0
0
1 229 1
0
0
0
1 182 1
1 53 1
0
1 53 1
0
0
2 334 1 34 1
0
0
1 182 1
0
0
1 436 1
1 133 1
0
0
1 175 1
1 334 1
0
1 257 1
0
0
1 133 1
0
0
1 175 1
0
0
1 257 1
0
0
0
0
1 517 1
0
0
0
0
1 504 1
0
0
0
0
0
0
0
0
0
0
0
0
0
0
0
0
0
0
0
0
0
0
0
0
0
0
0
0
0
0
0
0
0
0
0
