80 92 4 94 4 104 4 113 4 115 4 148 4 156 4 164 2 168 4 182 4 213 4 216 4 218 4 231 4 237 4 240 4 241 4 247 4 248 2 259 4 263 4 269 4 271 2 285 4 289 4 290 4 326 2 347 4 351 4 34 3 38 3 102 3 129 3 138 3 164 3 173 3 196 3 203 3 207 3 214 3 244 3 86 4 133 2 138 4 164 4 203 4 207 4 214 4 243 2 244 4 278 4 363 4 371 4 428 2 433 4 445 4 447 4 451 4 271 3 324 3 340 3 428 3 29 3 215 3 272 3 277 3 18 2 203 2 285 2 381 2 473 4 477 4 496 4 231 3 278 3 285 3 289 3 343 3 493 2 590 4
1 150 1
0
0
0
0
0
1 149 1
0
0
1 316 1
0
0
0
1 60 1
1 244 1
1 60 1
0
1 109 1
1 244 1
0
1 277 1
0
0
0
1 109 1
1 428 1
0
1 277 1
2 156 1 173 1
0
0
0
1 408 1
3 94 1 371 1 473 1
0
0
2 156 1 173 1
1 473 1
0
1 371 1
2 94 1 371 1
0
1 340 1
1 94 1
0
2 408 1 94 1
0
2 340 1 408 1
0
1 340 1
0
0
1 340 1
0
0
0
0
0
0
0
0
0
0
0
0
0
0
0
0
0
0
0
0
0
0
0
0
0
0
0
0
0
0
0
0
0
0
0
0
0
0
0
0
0
0
0
0
0
0
0
