88 63 4 92 4 94 4 104 4 113 4 115 4 148 4 156 4 168 4 182 4 213 4 216 4 218 4 231 4 237 4 240 4 241 4 247 4 259 4 263 4 264 4 269 4 285 4 289 4 290 4 347 4 351 4 5 3 7 3 8 3 9 3 25 3 34 3 38 3 68 3 69 3 102 3 129 3 138 3 164 3 173 3 189 3 196 3 203 3 207 3 214 3 223 3 244 3 86 4 138 4 164 4 203 4 207 4 214 4 244 4 278 4 280 4 363 4 371 4 374 4 409 4 411 4 412 4 416 4 433 4 445 4 447 4 451 4 271 3 324 3 340 3 428 3 29 3 215 3 272 3 277 3 473 4 477 4 496 4 523 4 231 3 278 3 285 3 289 3 343 3 409 3 590 4 612 4
4 60 1 149 1 150 1 316 1
0
0
0
0
0
1 149 1
0
0
1 316 1
0
0
0
1 60 1
1 244 1
1 60 1
0
1 109 1
1 244 1
0
1 277 1
0
0
0
1 109 1
1 428 1
0
1 277 1
2 156 1 173 1
0
0
0
0
0
1 408 1
0
3 94 1 371 1 473 1
0
0
0
0
1 473 1
2 156 1 173 1
0
0
1 371 1
2 94 1 371 1
0
0
0
0
1 94 1
0
0
3 340 1 408 1 94 1
0
0
0
0
2 340 1 408 1
0
0
0
0
0
0
0
1 340 1
0
0
0
0
0
0
0
0
0
0
0
0
0
0
0
0
0
0
0
0
0
0
0
0
0
0
0
0
0
0
0
0
