105 50 2 70 4 91 4 92 4 94 4 104 4 148 4 156 4 157 2 168 4 182 4 213 4 216 4 218 4 219 4 226 2 227 2 237 4 240 4 241 4 247 4 249 4 263 4 264 4 265 2 271 2 273 2 274 2 280 4 285 4 289 4 290 4 317 4 347 4 351 4 352 4 5 3 7 3 8 3 9 3 25 3 34 3 38 3 68 3 69 3 102 3 111 3 118 3 129 3 138 3 157 3 164 3 173 3 189 3 196 3 203 3 205 3 207 3 214 3 223 3 244 3 138 4 157 4 164 4 203 4 207 4 214 4 244 4 252 2 272 2 278 4 363 4 374 4 409 4 427 2 433 4 445 4 253 3 270 3 387 3 389 3 428 3 29 3 67 3 272 3 196 2 229 2 313 2 352 2 496 4 514 4 526 4 528 4 171 3 271 3 278 3 285 3 289 3 304 3 343 3 409 3 375 2 470 2 590 4 612 4
1 33 1
0
0
0
1 253 1
0
0
0
0
1 383 1
0
1 185 1
0
1 185 1
0
1 60 1
0
0
1 60 1
0
0
0
1 95 1
0
0
0
1 146 1
1 146 1
0
0
0
1 389 1
0
1 298 1
0
0
1 298 1
1 244 1
0
0
1 244 1
0
0
0
1 38 1
1 38 1
0
0
1 175 1
2 175 1 37 1
0
0
0
0
1 37 1
1 37 1
0
0
0
0
0
0
0
0
0
0
0
0
0
0
0
0
0
0
0
0
0
0
0
0
0
0
0
0
0
0
0
0
0
0
0
0
0
0
0
0
0
0
0
0
