58 16 2 63 4 70 4 76 4 89 4 91 4 92 4 98 2 104 4 116 2 156 4 182 4 201 4 202 4 213 4 216 4 218 4 237 4 241 4 249 4 263 4 290 4 317 4 34 3 38 3 102 3 157 3 164 3 173 3 189 3 203 3 207 3 214 3 157 4 164 4 175 2 203 4 207 4 210 2 214 4 363 4 445 4 210 3 414 3 29 3 341 2 450 3 203 2 324 2 414 2 450 2 496 4 522 4 523 4 202 3 276 3 324 3 590 4
4 44 1 90 1 276 1 364 1
0
0
1 28 1
0
0
1 185 1
0
1 28 1
1 328 1
0
0
1 189 1
0
0
0
2 185 1 117 1
0
0
0
1 523 1
0
0
0
2 328 1 157 1
0
0
0
1 91 1
0
0
0
1 242 1
1 242 1
0
0
0
0
1 414 1
0
1 91 1
0
0
1 201 1
0
0
0
0
2 201 1 63 1
0
0
0
0
0
1 89 1
0
1 63 1
0
0
0
1 364 1
0
0
0
1 414 1
0
1 276 1
0
0
0
0
0
2 89 1 90 1
0
0
0
0
0
0
0
1 364 1
0
0
0
0
0
0
0
1 90 1
0
0
0
0
0
0
0
0
0
0
0
