74 32 4 34 4 36 4 38 4 55 4 58 4 59 4 61 4 85 4 87 4 92 4 99 4 102 4 104 4 115 4 117 4 130 4 156 4 164 4 29 4 70 4 111 4 168 4 173 4 174 4 182 4 189 4 197 4 203 4 207 4 213 4 214 4 216 4 218 4 231 4 237 4 240 4 241 4 249 4 58 3 85 3 15 4 91 4 188 4 263 4 290 4 351 4 352 4 34 3 38 3 68 3 102 3 111 3 164 3 173 3 189 3 203 3 207 3 214 3 363 4 398 4 421 4 445 4 270 3 389 3 29 3 162 3 468 4 474 4 496 4 497 4 231 3 529 3 590 4
4 30 1 33 1 43 1 64 1
0
0
0
0
0
1 116 1
2 30 1 116 1
1 24 1
0
0
1 24 1
1 40 1
1 40 1
0
0
0
1 40 1
1 40 1
1 31 1
0
1 30 1
2 116 1 30 1
0
0
1 270 1
1 116 1
1 270 1
0
0
0
1 31 1
0
1 31 1
1 390 1
1 31 1
0
1 260 1
0
0
1 32 1
0
2 260 1 398 1
0
0
1 32 1
0
0
0
2 24 1 445 1
0
0
1 32 1
0
0
0
0
1 32 1
0
0
0
0
0
0
0
0
0
0
0
0
0
0
0
0
0
0
0
0
0
0
0
0
0
0
0
0
0
0
0
0
0
0
0
0
0
0
0
0
0
0
