79 19 4 53 4 63 4 70 4 76 4 89 4 91 4 92 4 104 4 126 4 156 4 182 4 201 4 202 4 211 4 213 4 216 4 218 4 231 4 237 4 241 4 249 4 263 4 290 4 317 4 337 4 7 3 34 3 38 3 102 3 129 3 157 3 164 3 173 3 189 3 203 3 207 3 210 3 214 3 157 4 164 4 203 4 207 4 214 4 318 4 332 4 355 4 363 4 369 4 406 4 416 4 432 4 434 3 444 4 445 4 9 3 200 3 239 3 257 3 314 3 414 3 466 3 29 3 366 3 450 3 468 4 496 4 510 4 522 4 523 4 525 4 202 3 231 3 276 3 324 3 355 3 406 3 590 4 612 4
5 28 1 44 1 185 1 328 1 49 1
0
0
1 28 1
0
0
1 185 1
0
1 28 1
1 328 1
0
0
1 189 1
0
0
0
2 185 1 117 1
0
0
0
1 523 1
0
0
0
2 328 1 157 1
0
0
0
1 48 1
0
0
0
2 242 1 48 1
1 103 1
1 225 1
0
0
0
1 414 1
0
1 103 1
0
0
1 201 1
2 337 1 525 1
0
0
0
2 201 1 63 1
0
0
0
1 201 1
0
1 337 1
0
1 63 1
0
0
0
0
0
0
0
2 63 1 525 1
0
0
0
0
0
0
0
0
0
0
0
0
0
0
0
0
0
0
0
0
0
0
0
0
0
0
0
0
0
0
0
0
0
0
0
