83 15 4 51 2 68 2 76 4 92 4 104 4 148 4 156 4 182 4 201 4 202 4 213 4 216 4 218 4 223 2 237 4 241 4 263 4 264 4 290 4 298 2 320 2 331 4 5 3 9 3 14 3 34 3 38 3 68 3 69 3 102 3 164 3 173 3 189 3 203 3 207 3 210 3 214 3 223 3 14 4 67 2 164 4 203 4 207 4 214 4 265 2 280 4 345 2 363 4 371 4 374 4 398 4 399 4 402 2 409 4 412 4 445 4 447 4 180 3 235 3 389 3 402 3 29 3 67 3 272 3 388 3 417 2 50 2 335 2 388 2 415 2 474 4 496 4 202 3 335 3 399 3 409 3 267 4 562 2 563 2 565 2 590 4 612 4
2 40 1 43 1
0
0
0
1 71 1
0
0
0
1 74 1
0
0
0
1 73 1
0
0
0
1 28 1
0
0
0
1 42 1
0
0
0
1 275 1
0
0
0
1 185 1
0
0
0
1 191 1
0
0
0
2 302 1 389 1
0
0
0
2 178 1 371 1
0
0
0
2 201 1 302 1
0
0
0
2 194 1 178 1
0
0
0
1 201 1
0
0
0
1 194 1
0
0
0
0
0
0
0
0
0
0
0
0
0
0
0
0
0
0
0
0
0
0
0
0
0
0
0
0
0
0
0
0
0
0
0
0
0
0
0
0
0
0
0
