75 15 4 63 4 70 4 76 4 92 4 104 4 148 4 156 4 182 4 201 4 202 4 213 4 216 4 218 4 237 4 241 4 263 4 264 4 290 4 331 4 5 3 9 3 14 3 25 3 34 3 38 3 68 3 69 3 102 3 164 3 173 3 189 3 203 3 207 3 210 3 214 3 223 3 14 4 164 4 203 4 207 4 214 4 280 4 363 4 371 4 373 4 374 4 398 4 399 4 409 4 411 4 412 4 416 4 445 4 447 4 180 3 235 3 276 3 389 3 402 3 29 3 67 3 272 3 388 3 474 4 496 4 514 4 202 3 335 3 399 3 409 3 492 3 267 4 590 4 612 4
6 40 1 43 1 71 1 74 1 279 1 194 1
0
0
0
1 71 1
0
0
0
1 74 1
0
0
0
1 73 1
0
0
0
1 28 1
0
0
0
1 42 1
0
0
0
1 275 1
0
0
0
1 185 1
0
0
0
0
0
1 191 1
0
0
0
0
0
2 302 1 389 1
0
0
0
0
0
2 178 1 371 1
0
0
0
0
0
2 201 1 302 1
0
0
0
0
0
2 194 1 178 1
0
0
0
0
0
1 201 1
0
0
0
0
0
1 194 1
0
0
0
0
0
0
0
0
0
0
0
0
0
0
0
0
0
0
0
0
0
0
0
0
0
0
0
0
0
