73 19 4 46 4 53 4 58 4 63 4 76 4 89 4 92 4 104 4 126 4 156 4 168 4 182 4 211 4 213 4 216 4 218 4 219 4 231 4 237 4 240 4 241 4 249 4 263 4 290 4 332 4 337 4 34 3 38 3 102 3 129 3 138 3 164 3 173 3 189 3 203 3 207 3 214 3 244 3 138 4 164 4 203 4 207 4 214 4 244 4 355 4 363 4 365 4 406 4 416 4 434 3 445 4 200 3 239 3 253 3 257 3 314 3 466 3 143 3 215 3 366 3 468 4 496 4 497 4 510 4 523 4 231 3 304 3 355 3 406 3 472 3 590 4 605 4
6 45 1 47 1 64 1 310 1 365 1 143 1
0
0
1 310 1
1 310 1
0
0
2 310 1 47 1
1 47 1
1 31 1
1 47 1
0
2 31 1 219 1
0
1 54 1
0
0
3 31 1 219 1 496 1
0
0
2 219 1 363 1
0
1 54 1
0
1 36 1
0
0
2 54 1 36 1
1 287 1
0
1 36 1
1 363 1
0
1 349 1
1 225 1
0
0
0
1 349 1
1 349 1
0
1 538 1
0
0
1 287 1
2 287 1 538 1
0
1 406 1
0
0
0
0
0
3 195 1 406 1 287 1
0
0
1 195 1
0
1 143 1
1 585 1
0
2 195 1 406 1
0
1 143 1
0
0
0
0
0
2 143 1 195 1
0
0
0
0
0
0
1 143 1
0
0
0
0
0
0
0
0
0
0
0
0
0
0
0
0
0
0
0
0
0
0
0
