105 13 2 24 2 46 2 46 4 53 4 58 4 59 4 68 2 70 4 76 4 85 4 87 4 91 4 92 4 104 4 126 4 156 4 168 4 174 2 175 2 182 4 202 4 213 4 216 4 218 4 231 4 237 4 240 4 241 4 247 4 249 4 263 4 264 4 269 4 280 4 290 4 332 4 351 4 352 4 5 3 7 3 8 3 9 3 14 3 25 3 34 3 38 3 68 3 69 3 86 3 102 3 111 3 129 3 157 3 164 3 173 3 189 3 196 3 203 3 205 3 207 3 210 3 214 3 223 3 14 4 154 2 157 4 164 4 203 4 206 4 207 4 214 4 232 2 317 4 363 4 371 4 373 4 374 4 398 4 400 2 404 4 411 4 421 4 431 4 445 4 458 2 282 3 283 3 387 3 29 3 50 2 67 3 231 2 364 2 468 4 496 4 510 4 514 4 515 2 526 4 202 3 231 3 501 2 590 4 612 4
2 10 1 43 1
0
0
1 43 1
1 98 1
0
1 98 1
1 210 1
1 14 1
1 14 1
0
1 228 1
1 210 1
1 210 1
1 163 1
0
0
1 163 1
2 163 1 373 1
0
0
2 228 1 306 1
0
0
1 228 1
1 279 1
1 373 1
0
1 206 1
0
1 306 1
0
1 197 1
0
1 269 1
1 404 1
1 269 1
0
0
2 197 1 269 1
0
0
1 14 1
1 206 1
0
1 197 1
1 370 1
1 404 1
0
0
0
0
1 370 1
0
1 206 1
0
0
0
0
0
0
0
0
0
0
0
0
0
0
0
0
0
0
0
0
0
0
0
0
0
0
0
0
0
0
0
0
0
0
0
0
0
0
0
0
0
0
0
0
0
