74 34 2 53 4 70 4 89 4 91 4 92 4 104 4 156 4 168 4 182 4 188 4 202 4 213 4 216 4 218 4 231 4 237 4 240 4 241 4 249 4 254 2 255 2 256 2 263 4 269 4 289 4 290 4 34 3 38 3 102 3 129 3 164 3 173 3 189 3 203 3 207 3 210 3 214 3 164 4 184 2 203 4 207 4 214 4 363 4 371 4 372 2 398 4 399 4 400 2 404 4 445 4 282 3 389 3 401 3 29 3 415 2 231 2 378 2 386 2 474 4 482 4 496 4 514 4 515 2 523 4 525 4 20 3 202 3 231 3 289 3 380 3 399 3 590 4 611 4
2 35 1 122 1
0
0
0
1 44 1
0
1 122 1
0
1 207 1
1 44 1
0
1 342 1
0
0
0
2 342 1 103 1
0
0
1 103 1
1 474 1
0
0
1 137 1
0
1 137 1
0
1 305 1
2 242 1 599 1
0
0
1 400 1
0
0
2 305 1 380 1
0
0
1 207 1
1 114 1
0
0
0
1 398 1
1 114 1
0
1 242 1
2 400 1 562 1
0
1 489 1
1 489 1
1 378 1
0
1 398 1
1 378 1
0
2 378 1 474 1
0
0
0
0
0
1 378 1
0
0
1 489 1
0
0
0
0
0
0
0
0
0
0
0
0
0
0
0
0
0
0
0
0
0
0
0
0
0
0
0
0
0
0
0
0
0
0
0
0
