80 58 4 63 4 89 4 92 4 94 4 104 4 113 4 115 4 148 4 156 4 182 4 201 4 216 4 218 4 219 4 237 4 240 4 247 4 263 4 285 4 290 4 317 4 347 4 34 3 38 3 102 3 111 3 129 3 138 3 153 3 157 3 164 3 173 3 203 3 205 3 207 3 214 3 244 3 59 4 138 4 153 4 157 4 164 4 203 4 207 4 214 4 244 4 278 4 360 4 363 4 373 4 397 4 416 4 433 4 444 4 446 4 447 4 451 4 246 3 270 3 324 3 414 3 428 3 442 3 220 3 277 3 356 3 473 4 477 4 479 4 496 4 512 4 523 4 120 3 196 3 278 3 285 3 446 3 478 3 590 4
5 33 1 106 1 93 1 88 1 478 1
0
0
0
1 88 1
0
1 93 1
0
2 88 1 95 1
0
0
1 95 1
2 88 1 397 1
0
0
0
1 149 1
0
1 95 1
1 397 1
1 373 1
0
1 149 1
0
2 149 1 157 1
0
0
0
1 322 1
0
2 322 1 373 1
0
1 94 1
1 322 1
0
0
2 94 1 377 1
0
0
0
1 444 1
1 377 1
1 248 1
0
2 94 1 248 1
0
0
0
1 153 1
1 585 1
0
0
2 248 1 478 1
0
0
1 153 1
0
0
0
0
0
0
0
1 478 1
0
0
0
0
0
0
0
0
0
0
0
0
0
0
0
0
0
0
0
0
0
0
0
0
0
0
0
0
0
0
0
0
0
0
0
0
