75 15 4 34 2 57 4 58 4 59 4 70 4 91 4 92 4 104 4 127 4 156 4 182 4 188 4 213 4 216 4 218 4 237 4 240 4 246 2 249 4 258 4 263 4 269 4 280 4 283 2 290 4 300 2 317 4 332 4 352 4 14 3 34 3 38 3 68 3 102 3 164 3 173 3 189 3 196 3 203 3 207 3 210 3 214 3 14 4 157 4 164 4 203 4 206 4 207 4 214 4 232 2 276 2 282 2 363 4 371 4 374 4 404 4 445 4 180 3 246 3 276 3 282 3 283 3 334 3 250 4 349 2 38 2 376 2 468 4 496 4 498 2 503 4 415 2 453 2 590 4
1 145 1
0
0
0
0
0
1 106 1
0
0
1 11 1
0
0
1 43 1
0
0
0
0
0
1 61 1
1 61 1
0
1 182 1
1 182 1
0
1 282 1
1 282 1
0
0
0
0
1 269 1
1 269 1
0
1 152 1
2 152 1 400 1
0
1 14 1
2 14 1 152 1
0
0
0
0
1 242 1
2 12 1 14 1
0
1 12 1
1 242 1
0
0
0
0
0
1 12 1
0
0
0
0
0
0
0
0
0
0
0
0
0
0
0
0
0
0
0
0
0
0
0
0
0
0
0
0
0
0
0
0
0
0
0
0
0
0
0
0
0
0
0
0
0
0
0
