80 58 4 63 4 70 4 76 4 89 4 91 4 92 4 94 4 104 4 113 4 115 4 148 4 156 4 182 4 201 4 216 4 218 4 237 4 240 4 241 4 247 4 249 4 263 4 285 4 290 4 317 4 38 3 102 3 138 3 153 3 157 3 164 3 173 3 189 3 203 3 207 3 214 3 244 3 138 4 153 4 157 4 164 4 203 4 207 4 214 4 219 4 244 4 278 4 347 4 360 4 363 4 397 4 416 4 433 4 444 4 446 4 447 4 451 4 246 3 271 3 324 3 414 3 428 3 29 3 277 3 356 3 473 4 477 4 479 4 496 4 502 4 523 4 120 3 278 3 285 3 446 3 472 3 529 3 590 4 605 4
4 93 1 100 1 106 1 229 1
0
1 106 1
2 106 1 229 1
1 229 1
0
2 189 1 229 1
0
0
1 317 1
2 60 1 189 1
0
1 60 1
0
2 317 1 60 1
0
1 379 1
1 317 1
1 120 1
0
2 120 1 246 1
0
0
0
2 246 1 120 1
1 246 1
0
1 326 1
0
0
3 201 1 379 1 322 1
0
0
3 201 1 470 1 471 1
0
1 63 1
0
0
1 326 1
2 201 1 414 1
0
1 322 1
0
0
0
0
2 322 1 201 1
0
0
0
1 322 1
0
0
3 470 1 471 1 377 1
1 153 1
0
0
0
1 414 1
0
1 153 1
1 414 1
0
1 377 1
0
0
0
0
0
0
0
1 153 1
1 377 1
0
0
0
0
0
0
0
0
0
0
0
0
1 153 1
0
0
0
0
0
0
0
0
0
0
0
0
0
0
