66 63 4 70 4 76 4 89 4 92 4 104 4 156 4 182 4 188 4 201 4 202 4 213 4 216 4 218 4 237 4 241 4 249 4 263 4 290 4 317 4 331 4 34 3 38 3 102 3 157 3 164 3 173 3 189 3 203 3 207 3 214 3 244 3 14 4 148 4 157 4 164 4 203 4 207 4 214 4 363 4 397 4 412 4 416 4 444 4 445 4 446 4 447 4 235 3 246 3 380 3 402 3 414 3 29 3 81 3 220 3 335 3 388 3 479 4 482 4 496 4 523 4 20 3 202 3 446 3 590 4 611 4
8 51 1 132 1 275 1 310 1 254 1 255 1 256 1 378 1
0
0
0
0
0
0
2 132 1 51 1
0
0
0
0
0
0
2 51 1 275 1
0
0
0
0
0
0
2 275 1 109 1
0
0
0
0
0
0
2 109 1 133 1
0
0
0
0
0
0
2 133 1 246 1
0
0
0
0
0
0
0
0
0
1 380 1
0
1 246 1
0
0
0
0
0
0
0
1 412 1
0
0
0
3 254 1 255 1 256 1
0
0
0
0
0
3 254 1 255 1 256 1
0
0
0
0
0
0
0
0
0
1 378 1
0
0
0
0
0
0
0
0
0
0
0
0
0
0
0
0
0
0
0
0
0
0
0
0
