67 14 2 15 4 91 4 92 4 104 4 156 4 157 2 182 4 201 4 213 4 216 4 218 4 229 2 237 4 241 4 249 4 263 4 280 4 282 2 290 4 317 4 332 4 352 4 14 3 34 3 38 3 102 3 157 3 164 3 173 3 189 3 203 3 207 3 210 3 214 3 14 4 28 2 103 2 157 4 164 4 203 4 206 4 207 4 214 4 363 4 397 4 404 4 440 2 445 4 446 4 246 3 282 3 334 3 414 3 29 3 81 3 174 2 334 2 352 2 468 4 479 4 496 4 522 4 446 3 450 3 453 2 590 4
2 10 1 106 1
0
0
0
0
0
2 106 1 300 1
0
0
0
0
0
2 300 1 55 1
0
0
0
0
0
2 55 1 232 1
0
0
0
0
0
2 232 1 182 1
0
0
0
0
0
2 182 1 246 1
0
0
0
0
0
2 246 1 210 1
0
0
0
0
0
2 210 1 163 1
0
0
0
0
0
2 163 1 350 1
0
0
0
0
0
2 350 1 306 1
0
0
0
0
0
1 404 1
0
0
0
0
0
0
0
0
0
0
0
0
0
0
0
0
0
0
0
0
0
0
0
0
0
0
0
0
0
0
0
0
0
0
0
0
0
0
0
