58 57 4 58 4 59 4 63 4 92 4 104 4 127 4 156 4 182 4 213 4 216 4 218 4 219 4 231 4 237 4 240 4 258 4 263 4 290 4 291 4 352 4 34 3 38 3 102 3 129 3 164 3 173 3 189 3 196 3 203 3 207 3 214 3 244 3 164 4 203 4 207 4 214 4 244 4 363 4 406 4 416 4 419 4 445 4 239 3 291 3 401 3 442 3 250 4 277 3 113 4 496 4 503 4 523 4 525 4 20 3 231 3 406 3 590 4
2 55 1 35 1
0
0
0
2 35 1 346 1
0
0
0
1 287 1
1 346 1
0
0
1 352 1
0
1 287 1
0
1 239 1
0
0
1 352 1
1 105 1
0
0
0
2 239 1 445 1
0
0
0
1 401 1
1 105 1
0
0
1 240 1
0
1 240 1
0
1 56 1
0
0
1 56 1
1 213 1
0
0
0
2 213 1 219 1
0
0
0
1 392 1
1 219 1
0
0
0
0
0
0
0
0
0
0
0
0
0
0
0
0
0
0
0
0
0
0
0
0
0
0
0
0
0
0
0
0
0
0
0
0
0
0
0
0
0
0
0
0
0
0
0
0
0
0
