69 53 4 58 4 59 4 76 4 85 4 87 4 92 4 104 4 126 4 148 4 156 4 168 4 182 4 201 4 213 4 216 4 218 4 237 4 240 4 241 4 244 2 247 4 248 2 258 4 263 4 290 4 351 4 352 4 34 3 38 3 86 3 102 3 111 3 129 3 164 3 173 3 196 3 203 3 207 3 214 3 244 3 50 2 86 4 133 2 164 4 203 4 207 4 214 4 244 4 363 4 381 2 412 4 419 4 445 4 466 2 387 3 466 3 366 3 496 4 499 2 503 4 506 2 510 4 514 4 526 4 322 2 385 2 513 2 590 4
1 33 1
0
0
0
0
0
0
0
0
3 52 1 55 1 181 1
0
0
0
0
1 29 1
0
0
0
0
4 240 1 241 1 258 1 29 1
0
0
0
0
0
0
0
0
0
4 311 1 240 1 241 1 258 1
0
0
0
0
0
0
0
0
0
4 311 1 56 1 59 1 126 1
0
0
0
0
0
0
0
0
0
3 56 1 59 1 126 1
0
0
0
0
0
0
0
0
0
0
0
0
0
0
0
0
0
0
0
0
0
0
0
0
0
0
0
0
0
0
0
0
0
0
0
0
0
0
0
0
0
0
0
0
0
0
0
0
0
0
