116 15 4 50 2 53 4 58 4 59 4 70 4 76 4 85 4 87 4 91 4 92 4 104 4 126 4 148 4 156 4 168 4 182 4 213 4 216 4 218 4 231 4 237 4 240 4 241 4 247 4 249 4 263 4 264 4 271 2 277 2 280 4 285 4 289 4 290 4 317 4 332 4 351 4 352 4 5 3 7 3 8 3 9 3 25 3 34 3 38 3 68 3 69 3 86 3 102 3 111 3 118 3 129 3 157 3 164 3 173 3 189 3 196 3 203 3 205 3 207 3 210 3 214 3 223 3 244 3 86 4 146 2 157 4 164 4 203 4 207 4 214 4 244 4 252 2 278 4 363 4 374 4 409 4 417 2 421 4 433 4 445 4 446 4 447 4 451 4 246 3 271 3 282 3 387 3 389 3 401 3 29 3 67 3 105 2 272 3 277 3 285 2 289 2 468 4 492 2 496 4 510 4 514 4 526 4 20 3 231 3 278 3 285 3 289 3 409 3 446 3 472 3 492 3 495 3 293 2 590 4 612 4
5 10 1 39 1 122 1 168 1 310 1
0
0
1 20 1
0
0
1 185 1
0
0
1 154 1
0
1 154 1
0
1 364 1
1 60 1
0
1 60 1
1 60 1
0
1 425 1
0
1 425 1
0
1 103 1
1 163 1
0
1 163 1
0
0
0
1 163 1
1 103 1
0
0
0
0
1 164 1
0
1 164 1
1 164 1
0
0
1 389 1
0
0
1 389 1
0
0
2 246 1 421 1
0
0
0
0
0
2 421 1 246 1
0
0
1 485 1
0
0
0
0
0
1 246 1
0
0
0
0
0
0
0
0
0
0
0
0
0
0
0
0
0
0
0
0
0
0
0
0
0
0
0
0
0
0
0
0
0
0
0
0
