77 63 4 85 4 87 4 92 4 94 4 104 4 148 4 156 4 168 4 182 4 213 4 216 4 218 4 237 4 240 4 241 4 247 4 259 4 263 4 269 4 285 4 289 4 290 4 347 4 351 4 34 3 38 3 86 3 102 3 118 3 138 3 164 3 173 3 189 3 196 3 203 3 207 3 214 3 244 3 86 4 138 4 164 4 203 4 207 4 214 4 244 4 261 4 363 4 371 4 373 4 374 4 399 4 416 4 421 4 433 4 445 4 451 4 180 3 271 3 282 3 389 3 466 3 29 3 220 3 272 3 277 3 477 4 496 4 171 3 285 3 289 3 399 3 478 3 492 3 590 4 605 4 611 4
4 101 1 103 1 174 1 282 1
0
0
1 103 1
2 101 1 103 1
0
1 101 1
2 103 1 101 1
0
1 180 1
0
0
3 101 1 174 1 261 1
0
0
2 180 1 425 1
0
0
1 174 1
2 174 1 425 1
0
1 185 1
1 261 1
0
1 180 1
1 506 1
0
1 185 1
0
1 247 1
2 247 1 506 1
1 261 1
0
1 389 1
2 389 1 247 1
0
0
0
1 185 1
1 373 1
0
2 373 1 389 1
0
0
0
1 289 1
0
1 247 1
0
0
2 289 1 373 1
1 288 1
0
0
1 289 1
0
0
3 288 1 289 1 271 1
0
0
0
0
0
1 288 1
0
2 271 1 288 1
0
0
0
0
0
0
0
0
1 271 1
0
0
0
0
0
0
0
0
0
0
0
0
0
0
0
0
0
0
0
0
0
0
0
0
0
