77 13 2 15 4 19 4 21 2 29 2 46 4 63 4 70 4 73 2 76 4 89 4 92 4 104 4 148 4 156 4 182 4 202 4 211 4 213 4 216 4 218 4 219 4 237 4 241 4 249 4 263 4 267 2 290 4 331 4 332 4 14 3 34 3 38 3 102 3 164 3 173 3 189 3 203 3 207 3 210 3 214 3 14 4 164 4 174 2 203 4 207 4 214 4 235 2 318 4 348 2 355 4 363 4 412 4 416 4 432 4 437 2 445 4 447 4 200 3 235 3 239 3 314 3 466 3 29 3 349 2 366 3 388 3 331 2 363 2 496 4 523 4 202 3 355 3 402 3 406 3 267 4 590 4
5 16 1 43 1 363 1 437 1 516 1
0
0
0
0
0
1 74 1
0
0
0
1 75 1
0
0
0
0
0
1 23 1
0
0
0
1 230 1
0
0
0
0
0
1 18 1
0
0
0
1 345 1
0
0
0
0
0
1 34 1
0
0
0
2 76 1 235 1
0
0
0
0
0
3 235 1 403 1 536 1
0
0
1 403 1
2 76 1 403 1
0
0
0
0
0
2 363 1 516 1
0
0
0
2 437 1 76 1
0
0
0
0
0
1 363 1
0
0
0
1 437 1
0
0
0
0
0
0
0
0
0
0
0
0
0
0
0
0
0
0
0
0
0
0
0
0
0
0
0
0
0
