82 50 2 92 4 94 4 95 2 104 4 113 4 115 4 138 2 148 4 156 4 174 2 182 4 213 4 216 4 218 4 219 4 237 4 240 4 241 4 247 4 259 4 263 4 269 4 285 4 289 4 290 4 347 4 351 4 38 3 102 3 111 3 138 3 164 3 173 3 196 3 203 3 205 3 207 3 214 3 244 3 86 4 138 4 164 4 203 4 207 4 214 4 244 4 248 2 273 2 278 4 363 4 412 4 433 4 445 4 447 4 451 4 253 3 270 3 271 3 282 3 324 3 387 3 428 3 215 3 277 3 356 3 285 2 473 4 477 4 496 4 497 4 500 2 171 3 20 3 278 3 285 3 289 3 304 3 105 2 322 2 590 4 605 4
3 35 1 361 1 485 1
0
0
0
0
1 45 1
0
0
1 310 1
0
0
0
0
1 93 1
0
0
2 36 1 253 1
0
0
0
0
2 253 1 36 1
0
0
1 281 1
0
0
0
0
1 149 1
0
0
1 38 1
0
0
0
0
1 215 1
0
0
1 219 1
0
0
0
0
2 94 1 326 1
0
0
2 361 1 505 1
0
0
0
0
1 485 1
0
0
1 361 1
0
0
0
0
0
0
0
0
0
0
0
0
0
0
0
0
0
0
0
0
0
0
0
0
0
0
0
0
0
0
0
0
0
0
0
0
0
0
0
0
0
0
0
