111 15 4 38 2 53 4 58 4 59 4 63 4 70 4 85 4 87 4 92 4 104 4 126 4 148 4 156 4 164 2 168 4 174 2 182 4 185 2 201 4 213 4 216 4 218 4 226 2 231 4 237 4 240 4 241 4 247 4 249 4 258 4 259 4 263 4 269 4 277 2 289 4 290 4 332 4 347 4 351 4 352 4 14 3 34 3 38 3 68 3 86 3 102 3 129 3 138 3 157 3 164 3 173 3 189 3 196 3 203 3 207 3 210 3 214 3 244 3 14 4 86 4 138 4 157 4 164 4 203 4 206 4 207 4 212 2 214 4 244 4 261 4 317 4 363 4 371 4 372 2 382 2 386 2 389 2 399 4 404 4 416 4 421 4 428 2 444 4 445 4 451 4 180 3 276 3 282 3 340 3 389 3 428 3 29 3 224 2 272 3 277 3 195 2 468 4 496 4 497 4 506 2 510 4 514 4 555 4 171 3 231 3 289 3 399 3 492 3 583 2 590 4
7 10 1 364 1 13 1 195 1 197 1 269 1 382 1
0
0
1 43 1
1 43 1
0
0
0
2 269 1 98 1
0
0
2 98 1 228 1
1 98 1
0
0
0
2 13 1 269 1
0
0
2 228 1 44 1
1 44 1
0
0
0
2 14 1 104 1
1 14 1
0
2 44 1 163 1
0
0
1 104 1
0
2 104 1 14 1
0
0
2 163 1 248 1
0
0
0
0
2 248 1 400 1
0
0
2 389 1 197 1
0
1 195 1
1 427 1
0
2 197 1 427 1
1 389 1
0
2 400 1 389 1
0
0
0
0
2 382 1 13 1
0
0
2 427 1 382 1
0
0
0
0
1 195 1
0
0
0
0
0
0
0
0
0
0
0
0
0
0
0
0
0
0
0
0
0
0
0
0
0
0
0
0
0
0
0
0
0
0
0
