52 58 4 59 4 92 4 104 4 113 4 148 4 156 4 182 4 191 2 213 4 216 4 218 4 219 4 237 4 240 4 247 4 258 4 263 4 290 4 335 2 352 4 34 3 38 3 102 3 164 3 173 3 196 3 203 3 207 3 214 3 50 2 117 2 164 4 203 4 205 2 207 4 214 4 363 4 419 4 445 4 180 3 205 3 29 3 311 2 335 3 313 2 419 2 496 4 506 2 524 4 415 2 590 4
2 43 1 181 1
0
0
1 104 1
0
0
1 104 1
0
0
1 44 1
0
0
1 196 1
0
0
1 196 1
0
0
1 29 1
0
0
1 182 1
0
0
1 182 1
0
0
2 242 1 423 1
0
0
1 242 1
0
0
1 58 1
0
0
2 258 1 420 1
0
0
1 258 1
0
0
1 59 1
0
0
1 59 1
0
0
0
0
0
0
0
0
0
0
0
0
0
0
0
0
0
0
0
0
0
0
0
0
0
0
0
0
0
0
0
0
0
0
0
0
0
0
0
0
0
0
0
0
0
0
0
0
0
0
0
0
0
0
