59 58 4 59 4 63 4 89 4 92 4 104 4 113 4 148 4 156 4 182 4 213 4 216 4 218 4 219 4 237 4 240 4 247 4 258 4 259 4 263 4 269 4 290 4 352 4 34 3 38 3 102 3 111 3 153 3 164 3 173 3 196 3 203 3 205 3 207 3 214 3 153 4 164 4 203 4 207 4 214 4 360 4 363 4 371 4 399 4 416 4 419 4 445 4 180 3 324 3 442 3 29 3 162 3 335 3 496 4 523 4 524 4 120 3 399 3 590 4
5 43 1 44 1 104 1 181 1 329 1
0
0
1 104 1
0
0
1 104 1
0
0
1 44 1
0
0
1 196 1
0
0
1 196 1
0
0
1 29 1
0
0
1 182 1
0
0
1 182 1
0
0
2 242 1 423 1
0
0
1 242 1
0
0
1 58 1
0
0
1 58 1
0
0
1 258 1
0
1 258 1
0
0
0
0
0
0
0
0
1 59 1
0
1 59 1
0
0
0
0
0
1 329 1
0
1 329 1
0
0
0
0
0
0
0
0
0
0
0
0
0
0
0
0
0
0
0
0
0
0
0
0
0
0
0
0
0
0
0
0
0
0
0
0
0
0
0
