51 34 2 48 2 57 4 58 4 59 4 92 4 104 4 109 2 112 2 127 4 156 4 182 4 213 4 216 4 218 4 237 4 240 4 258 4 263 4 287 2 290 4 291 4 300 2 352 4 34 3 38 3 102 3 164 3 173 3 196 3 203 3 207 3 214 3 164 4 203 4 207 4 214 4 362 4 363 4 392 2 445 4 291 3 334 3 250 4 330 2 203 2 352 2 362 2 496 4 503 4 590 4
4 55 1 128 1 250 1 334 1
0
0
0
0
0
0
0
0
0
0
0
0
0
0
0
0
0
0
0
0
0
0
0
0
0
0
0
0
0
0
0
0
0
0
0
0
0
0
0
0
0
0
0
0
0
0
0
0
1 504 1
1 504 1
0
0
0
0
0
0
0
0
0
0
0
0
0
0
0
0
0
0
0
0
0
0
0
0
0
0
0
0
0
0
0
0
0
0
0
0
0
0
0
0
0
0
0
0
0
0
0
0
0
