52 57 4 58 4 59 4 63 4 92 4 104 4 127 4 156 4 182 4 213 4 216 4 218 4 237 4 240 4 258 4 263 4 289 4 290 4 291 4 317 4 352 4 34 3 38 3 102 3 129 3 164 3 173 3 189 3 196 3 203 3 207 3 214 3 164 4 203 4 207 4 214 4 362 4 363 4 416 4 445 4 291 3 340 3 389 3 401 3 162 3 250 4 496 4 503 4 20 3 289 3 590 4 611 4
1 250 1
0
0
0
0
1 44 1
0
1 44 1
0
1 103 1
0
0
0
0
2 103 1 352 1
0
0
0
1 184 1
0
0
1 352 1
0
1 423 1
0
0
0
1 362 1
1 184 1
0
0
0
1 226 1
0
0
1 242 1
1 291 1
0
0
0
0
1 242 1
1 226 1
0
0
1 401 1
0
0
0
1 56 1
1 56 1
0
0
0
0
0
0
0
0
0
0
0
0
0
0
0
0
0
0
0
0
0
0
0
0
0
0
0
0
0
0
0
0
0
0
0
0
0
0
0
0
0
0
0
0
0
0
0
0
0
