77 57 4 58 4 59 4 63 4 89 4 92 4 104 4 127 4 130 2 133 2 156 4 157 2 182 4 201 4 213 4 214 2 216 4 218 4 219 4 222 2 237 4 240 4 249 4 258 4 263 4 290 4 291 4 317 4 346 2 347 4 352 4 34 3 38 3 102 3 157 3 164 3 173 3 189 3 196 3 203 3 207 3 214 3 244 3 157 4 164 4 173 2 189 2 203 4 207 4 214 4 244 4 362 4 363 4 397 4 401 2 416 4 444 4 445 4 446 4 246 3 291 3 340 3 401 3 414 3 29 3 250 4 330 2 341 2 362 2 428 2 479 4 496 4 503 4 523 4 428 3 446 3 590 4
6 33 1 106 1 56 1 246 1 300 1 457 1
0
0
0
0
0
0
1 55 1
0
0
0
0
0
0
1 317 1
0
0
0
0
0
0
1 281 1
0
0
0
0
0
0
1 36 1
0
0
0
0
0
0
1 300 1
0
0
0
0
0
0
1 246 1
0
0
0
0
0
0
2 156 1 38 1
0
0
0
0
0
0
2 38 1 291 1
0
0
0
0
0
0
2 56 1 156 1
0
0
0
0
0
0
1 56 1
0
0
0
0
0
0
1 457 1
0
0
0
0
0
0
0
0
0
0
0
0
0
0
0
0
0
0
0
0
0
0
