82 34 4 36 4 38 4 91 4 92 4 99 4 102 4 104 4 115 4 117 4 126 4 129 4 130 4 156 4 164 4 29 4 50 2 95 2 173 4 174 4 175 2 180 2 182 4 185 2 203 4 207 4 213 4 214 4 216 4 218 4 231 4 237 4 241 4 53 3 46 4 53 4 219 4 244 2 257 2 263 4 290 4 315 4 336 2 34 3 38 3 102 3 129 3 164 3 173 3 203 3 207 3 214 3 244 4 261 4 326 2 363 4 371 4 394 2 399 4 412 2 445 4 180 3 257 3 428 3 466 3 29 3 220 3 272 3 384 2 290 2 412 4 488 4 496 4 506 2 510 4 541 2 231 3 343 3 399 3 492 3 445 2 590 4
2 39 1 52 1
0
0
1 39 1
1 39 1
0
2 98 1 46 1
0
2 46 1 608 1
1 98 1
1 98 1
1 83 1
2 46 1 98 1
2 261 1 83 1
1 109 1
1 98 1
2 261 1 109 1
1 286 1
1 109 1
1 185 1
3 46 1 109 1 286 1
0
1 481 1
2 53 1 481 1
2 219 1 286 1
1 261 1
1 219 1
2 109 1 506 1
1 53 1
0
3 53 1 371 1 261 1
0
1 219 1
3 83 1 371 1 53 1
1 53 1
1 219 1
4 83 1 288 1 445 1 53 1
0
1 326 1
0
3 83 1 288 1 445 1
2 83 1 126 1
0
3 326 1 517 1 288 1
0
0
3 126 1 288 1 445 1
0
0
1 517 1
1 326 1
0
0
1 126 1
0
0
0
0
0
0
0
0
0
0
0
0
0
0
0
0
0
0
0
0
0
0
0
0
0
0
0
0
0
0
0
0
0
0
0
0
0
0
0
0
0
0
0
0
0
0
