53 48 2 57 4 58 4 59 4 92 4 104 4 127 4 150 2 156 4 182 4 213 4 216 4 218 4 219 4 237 4 240 4 258 4 263 4 290 4 291 4 300 2 346 2 352 4 38 3 102 3 129 3 164 3 173 3 196 3 203 3 207 3 214 3 244 3 164 4 203 4 207 4 214 4 244 4 362 4 363 4 392 2 445 2 445 4 291 3 340 3 250 4 453 2 362 2 496 4 503 4 505 2 494 2 590 4
1 33 1
0
0
1 204 1
0
0
1 55 1
0
1 97 1
0
0
1 55 1
0
1 36 1
0
1 97 1
1 381 1
0
0
0
0
2 213 1 352 1
0
1 36 1
0
0
2 186 1 213 1
1 213 1
0
0
2 352 1 175 1
0
0
0
0
1 186 1
2 392 1 186 1
0
0
3 175 1 445 1 56 1
0
0
0
0
0
2 175 1 392 1
0
1 219 1
0
1 445 1
2 219 1 445 1
0
0
0
1 219 1
0
0
0
0
0
0
0
0
0
0
0
0
0
0
0
0
0
0
0
0
0
0
0
0
0
0
0
0
0
0
0
0
0
0
0
0
0
0
0
0
0
0
0
0
0
