78 15 4 63 4 70 4 89 4 92 4 94 4 104 4 113 4 115 4 148 4 156 4 182 4 188 4 201 4 216 4 218 4 237 4 240 4 241 4 247 4 249 4 263 4 280 4 290 4 317 4 332 4 8 3 9 3 34 3 38 3 102 3 111 3 129 3 153 3 157 3 164 3 173 3 189 3 196 3 203 3 205 3 207 3 210 3 214 3 223 3 244 3 153 4 157 4 164 4 203 4 207 4 214 4 244 4 360 4 363 4 397 4 416 4 430 4 446 4 447 4 271 3 324 3 334 3 393 3 428 3 442 3 29 3 335 3 356 3 468 4 473 4 477 4 496 4 523 4 120 3 446 3 590 4 612 4
5 36 1 93 1 184 1 232 1 393 1
0
0
0
0
0
0
0
0
0
0
0
0
0
0
0
0
0
0
2 93 1 232 1
0
0
1 228 1
1 184 1
0
2 184 1 357 1
0
1 228 1
1 428 1
0
0
2 228 1 418 1
0
0
1 184 1
1 94 1
0
2 94 1 97 1
0
1 334 1
1 94 1
0
0
3 334 1 97 1 309 1
1 359 1
0
0
0
0
0
0
0
2 309 1 334 1
0
1 309 1
0
0
0
0
0
0
2 428 1 63 1
0
0
0
1 97 1
0
0
0
0
1 63 1
0
0
0
0
0
1 63 1
0
0
0
0
0
0
0
0
0
0
0
0
0
0
0
0
0
0
0
0
0
0
0
