79 63 4 70 4 85 4 87 4 89 4 92 4 104 4 156 4 182 4 201 4 216 4 218 4 219 4 237 4 240 4 241 4 249 4 263 4 264 4 280 4 290 4 317 4 332 4 351 4 5 3 8 3 9 3 25 3 34 3 38 3 68 3 69 3 86 3 102 3 111 3 153 3 157 3 164 3 173 3 189 3 203 3 205 3 207 3 214 3 223 3 244 3 86 4 153 4 157 4 164 4 203 4 207 4 214 4 244 4 363 4 374 4 397 4 411 4 416 4 421 4 430 4 431 4 446 4 451 4 246 3 276 3 334 3 393 3 442 3 29 3 335 3 356 3 468 4 496 4 523 4 120 3 446 3 590 4 612 4
6 153 1 23 1 192 1 199 1 359 1 442 1
0
0
0
0
0
0
0
1 232 1
0
0
0
0
0
0
0
1 174 1
0
0
0
0
0
0
0
1 276 1
0
0
0
0
0
0
0
1 246 1
0
0
0
0
0
0
0
2 133 1 334 1
0
0
0
0
0
0
0
2 192 1 451 1
0
0
0
0
0
0
0
1 199 1
0
0
0
0
0
0
0
2 63 1 192 1
0
0
0
0
0
0
0
2 430 1 442 1
0
0
0
0
0
0
0
1 359 1
0
0
0
0
0
0
0
1 63 1
0
0
0
0
0
0
0
0
0
0
0
