72 34 4 36 4 38 4 63 4 91 4 92 4 99 4 102 4 104 4 115 4 117 4 126 4 129 4 130 4 156 4 164 4 29 4 46 4 173 4 174 4 182 4 203 4 207 4 213 4 214 4 216 4 218 4 231 4 237 4 241 4 53 3 53 4 219 4 263 4 290 4 315 4 34 3 38 3 102 3 129 3 164 3 173 3 203 3 207 3 214 3 76 4 138 4 244 4 261 4 347 4 363 4 371 4 399 4 416 4 445 4 180 3 257 3 428 3 466 3 29 3 220 3 272 3 412 4 473 4 488 4 496 4 510 4 231 3 343 3 399 3 492 3 590 4
9 39 1 46 1 52 1 98 1 109 1 219 1 417 1 53 1 286 1
0
0
0
0
0
0
0
0
0
0
0
0
0
0
0
0
0
0
0
0
0
0
0
0
0
0
0
0
0
0
0
0
0
0
0
0
0
0
0
0
0
1 83 1
0
1 83 1
0
0
0
0
0
0
0
0
0
0
0
0
0
0
0
0
0
0
0
0
0
0
0
0
0
0
0
0
0
0
0
0
0
0
0
0
0
0
0
0
0
0
0
0
0
0
0
0
0
0
0
0
0
0
0
