90 15 4 19 4 46 4 57 4 58 4 63 4 76 4 85 4 87 4 89 4 92 4 94 4 104 4 113 4 115 4 127 4 148 4 156 4 182 4 201 4 211 4 213 4 216 4 218 4 219 4 237 4 240 4 241 4 247 4 263 4 290 4 291 4 332 4 337 4 347 4 351 4 352 4 34 3 38 3 86 3 102 3 129 3 138 3 164 3 173 3 189 3 196 3 203 3 207 3 210 3 214 3 244 3 86 4 138 4 164 4 203 4 207 4 214 4 244 4 355 4 363 4 406 4 412 4 416 4 421 4 432 4 434 3 445 4 447 4 451 4 200 3 239 3 270 3 271 3 291 3 387 3 428 3 250 4 277 3 366 3 468 4 473 4 477 4 496 4 514 4 523 4 355 3 406 3 472 3 590 4
7 149 1 262 1 349 1 406 1 471 1 477 1 505 1
0
0
0
2 262 1 377 1
0
0
0
0
1 270 1
0
0
0
0
1 219 1
0
0
0
0
1 225 1
0
0
0
0
1 182 1
0
0
0
0
1 287 1
0
0
0
0
1 295 1
0
0
0
0
2 94 1 428 1
0
0
0
0
1 105 1
0
0
0
0
2 349 1 375 1
0
0
0
0
1 349 1
0
0
0
0
2 262 1 94 1
0
0
0
0
2 94 1 505 1
0
0
0
0
2 406 1 477 1
0
0
0
0
1 471 1
0
0
0
0
1 406 1
0
0
0
0
1 262 1
0
0
0
0
0
0
0
0
0
0
0
0
0
0
0
