68 46 4 57 4 58 4 59 4 63 4 70 4 85 4 87 4 89 4 92 4 104 4 127 4 156 4 182 4 216 4 218 4 219 4 237 4 240 4 249 4 258 4 263 4 280 4 290 4 291 4 317 4 347 4 351 4 352 4 34 3 38 3 86 3 102 3 111 3 129 3 157 3 164 3 173 3 189 3 196 3 203 3 207 3 214 3 244 3 86 4 157 4 164 4 203 4 207 4 214 4 244 4 362 4 363 4 416 4 419 4 246 3 253 3 291 3 324 3 401 3 442 3 29 3 250 4 335 3 496 4 503 4 523 4 590 4
1 352 1
0
0
0
1 184 1
0
0
0
0
0
0
0
0
0
2 246 1 34 1
0
0
0
0
2 34 1 330 1
0
0
0
0
0
0
0
0
0
2 347 1 392 1
0
0
0
0
1 58 1
0
0
0
0
0
0
0
0
0
2 56 1 246 1
0
0
0
0
2 156 1 323 1
0
0
0
0
0
0
0
0
0
2 329 1 347 1
0
0
0
0
2 38 1 401 1
0
0
0
0
0
0
0
0
0
3 323 1 401 1 329 1
0
0
0
0
2 323 1 38 1
0
0
0
0
0
0
0
0
0
1 56 1
0
0
0
0
0
0
0
0
0
0
