91 15 4 46 4 53 4 63 4 70 4 76 4 85 4 87 4 89 4 91 4 92 4 104 4 126 4 156 4 182 4 201 4 216 4 218 4 219 4 231 4 237 4 241 4 249 4 263 4 280 4 290 4 315 4 317 4 332 4 337 4 339 4 351 4 5 3 7 3 9 3 14 3 25 3 34 3 38 3 68 3 69 3 86 3 102 3 111 3 129 3 157 3 164 3 173 3 189 3 203 3 205 3 207 3 210 3 214 3 223 3 244 3 14 4 86 4 157 4 164 4 203 4 207 4 214 4 244 4 363 4 374 4 397 4 406 4 411 4 416 4 421 4 431 4 444 4 446 4 246 3 253 3 414 3 442 3 29 3 335 3 468 4 479 4 496 4 510 4 523 4 525 4 231 3 406 3 446 3 590 4 612 4
1 341 1
0
0
0
1 184 1
0
0
0
0
0
0
0
0
0
2 246 1 436 1
0
0
0
0
2 163 1 359 1
0
0
0
0
0
0
0
0
0
2 339 1 156 1
0
0
0
0
1 89 1
0
0
0
0
0
0
0
0
0
2 126 1 246 1
0
0
0
0
2 156 1 284 1
0
0
0
0
0
0
0
0
0
2 90 1 339 1
0
0
0
0
2 76 1 414 1
0
0
0
0
0
0
0
0
0
3 284 1 414 1 90 1
0
0
0
0
2 284 1 76 1
0
0
0
0
0
0
0
0
0
1 126 1
0
0
0
0
0
0
0
0
0
0
