94 19 4 46 4 53 4 57 4 58 4 59 4 63 4 70 4 76 4 85 4 87 4 89 4 92 4 104 4 126 4 127 4 156 4 182 4 201 4 216 4 218 4 231 4 237 4 240 4 241 4 249 4 263 4 280 4 290 4 291 4 315 4 332 4 337 4 339 4 351 4 352 4 34 3 38 3 86 3 102 3 129 3 157 3 164 3 173 3 189 3 196 3 203 3 207 3 210 3 214 3 244 3 14 4 86 4 157 4 164 4 203 4 207 4 214 4 244 4 317 4 360 4 363 4 374 4 406 4 411 4 412 4 416 4 419 4 421 4 434 3 444 4 200 3 239 3 246 3 253 3 291 3 401 3 414 3 442 3 29 3 250 4 366 3 468 4 496 4 497 4 507 4 510 4 523 4 525 4 20 3 231 3 304 3 406 3 590 4
1 239 1
0
0
0
1 184 1
0
0
0
0
0
0
0
0
0
2 246 1 242 1
0
0
0
0
2 337 1 304 1
0
0
0
0
0
0
0
0
0
2 349 1 156 1
0
0
0
0
2 242 1 403 1
0
0
0
0
0
0
0
0
0
2 19 1 246 1
0
0
0
0
2 156 1 200 1
0
0
0
0
0
0
0
0
0
2 245 1 349 1
0
0
0
0
3 200 1 63 1 19 1
0
0
0
0
0
0
0
0
0
3 63 1 406 1 245 1
0
0
0
0
2 200 1 63 1
0
0
0
0
0
0
0
0
0
1 406 1
0
0
0
0
0
0
0
0
0
0
