89 63 4 85 4 87 4 92 4 94 4 104 4 113 4 115 4 148 4 156 4 182 4 201 4 216 4 218 4 219 4 237 4 240 4 241 4 247 4 263 4 285 4 290 4 332 4 347 4 351 4 352 4 7 3 8 3 9 3 34 3 38 3 86 3 102 3 111 3 118 3 129 3 138 3 164 3 173 3 189 3 196 3 203 3 207 3 214 3 223 3 244 3 86 4 138 4 164 4 203 4 207 4 214 4 244 4 278 4 363 4 369 4 374 4 409 4 412 4 416 4 430 4 433 4 446 4 447 4 451 4 246 3 253 3 270 3 271 3 324 3 334 3 387 3 428 3 442 3 29 3 277 3 356 3 473 4 477 4 496 4 171 3 278 3 285 3 409 3 446 3 478 3 590 4 605 4 612 4
2 93 1 273 1
0
0
0
1 156 1
0
0
0
0
1 129 1
0
0
0
0
1 270 1
0
0
0
0
1 94 1
0
0
0
0
1 287 1
0
0
0
0
1 156 1
0
0
0
0
2 38 1 428 1
0
0
0
0
2 248 1 38 1
0
0
0
0
2 322 1 356 1
0
0
0
0
2 353 1 361 1
0
0
0
0
1 248 1
0
0
0
0
1 322 1
0
0
0
0
1 387 1
0
0
0
0
1 353 1
0
0
0
0
0
0
0
0
0
0
0
0
0
0
0
0
0
0
0
0
0
0
0
0
0
0
0
0
0
0
