99 15 4 58 4 63 4 70 4 76 4 85 4 87 4 92 4 94 4 104 4 113 4 115 4 148 4 156 4 182 4 216 4 218 4 219 4 237 4 240 4 241 4 247 4 249 4 259 4 263 4 264 4 269 4 280 4 285 4 289 4 290 4 317 4 332 4 347 4 351 4 352 4 86 4 138 4 157 4 164 4 203 4 207 4 214 4 244 4 278 4 363 4 374 4 398 4 409 4 411 4 412 4 416 4 419 4 430 4 433 4 446 4 447 4 451 4 7 3 8 3 9 3 129 3 173 3 189 3 196 3 271 3 282 3 324 3 428 3 29 3 67 3 272 3 277 3 356 3 473 4 477 4 490 4 496 4 502 4 34 3 38 3 69 3 86 3 102 3 138 3 164 3 171 3 207 3 20 3 214 3 278 3 285 3 289 3 409 3 446 3 472 3 399 4 590 4 612 4
2 35 1 43 1
0
0
0
1 101 1
0
0
0
1 101 1
1 100 1
0
0
0
0
1 282 1
0
1 100 1
0
0
1 228 1
0
0
0
0
2 94 1 282 1
0
0
0
0
1 289 1
0
0
1 228 1
0
1 322 1
0
0
0
0
1 105 1
1 94 1
0
0
0
1 354 1
0
0
0
1 289 1
1 63 1
0
0
0
0
0
0
1 375 1
0
0
0
0
0
0
0
1 428 1
0
0
0
0
0
0
0
1 322 1
0
0
0
0
0
0
0
1 105 1
0
0
0
0
0
0
0
1 354 1
0
0
0
0
0
0
0
1 63 1
0
0
0
