81 7 2 9 2 14 4 15 4 24 2 53 4 68 2 70 4 91 4 92 4 104 4 116 2 126 4 156 4 164 4 182 4 203 4 207 4 213 4 214 4 216 4 218 4 227 2 231 4 237 4 241 4 249 4 252 2 257 2 259 4 261 4 263 4 264 4 269 4 270 2 280 4 290 4 299 2 315 4 332 4 339 4 363 4 369 4 374 4 421 4 431 4 445 4 446 4 447 4 7 3 9 3 129 3 173 3 189 3 205 3 253 3 257 3 270 3 283 3 410 3 441 3 29 3 67 3 272 3 274 2 66 2 264 2 468 4 488 4 490 4 496 4 501 2 510 4 512 4 519 3 214 3 231 3 343 3 446 3 590 4 612 4
2 10 1 43 1
0
0
0
0
0
1 52 1
0
1 269 1
0
0
0
0
0
1 154 1
0
1 172 1
0
0
0
0
0
1 417 1
0
1 259 1
0
0
0
0
0
1 263 1
0
1 83 1
0
0
0
0
0
2 303 1 512 1
0
2 53 1 303 1
0
0
0
0
0
1 53 1
0
0
0
0
0
0
0
0
0
0
0
0
0
0
0
0
0
0
0
0
0
0
0
0
0
0
0
0
0
0
0
0
0
0
0
0
0
0
0
0
0
0
0
0
0
0
0
0
0
0
0
0
0
