82 14 4 15 4 46 4 53 4 63 4 70 4 76 4 89 4 91 4 92 4 104 4 126 4 156 4 157 4 164 4 182 4 203 4 207 4 213 4 214 4 216 4 218 4 231 4 237 4 241 4 249 4 259 4 261 4 263 4 264 4 269 4 280 4 290 4 307 3 315 4 317 4 332 4 339 4 347 4 363 4 369 4 374 4 398 4 411 4 416 4 421 4 431 4 444 4 445 4 446 4 447 4 7 3 9 3 129 3 173 3 189 3 205 3 257 3 270 3 283 3 410 3 441 3 29 3 67 3 272 3 468 4 488 4 490 4 496 4 510 4 512 4 514 4 519 3 523 4 526 4 214 3 231 3 343 3 446 3 530 3 590 4 612 4
6 10 1 43 1 52 1 269 1 386 1 394 1
0
0
0
0
0
1 52 1
0
1 269 1
0
0
0
0
1 183 1
0
1 154 1
1 154 1
0
1 172 1
0
1 172 1
0
0
0
0
1 364 1
0
0
3 364 1 386 1 259 1
0
0
0
1 386 1
0
0
1 370 1
0
0
0
0
1 370 1
1 83 1
0
0
1 83 1
0
0
0
0
0
0
1 512 1
1 347 1
0
0
0
1 394 1
1 347 1
0
0
0
0
0
0
0
0
0
1 394 1
0
0
0
0
0
0
0
0
0
0
0
0
0
0
0
0
0
0
0
0
0
0
0
0
0
0
0
0
0
0
0
0
