70 14 4 15 4 46 4 57 4 58 4 59 4 63 4 70 4 89 4 91 4 92 4 104 4 127 4 156 4 157 4 164 4 182 4 203 4 207 4 211 4 213 4 214 4 216 4 218 4 237 4 240 4 249 4 258 4 263 4 280 4 290 4 308 3 317 4 332 4 352 4 362 4 363 4 365 4 374 4 416 4 419 4 421 4 430 4 431 4 432 4 445 4 446 4 447 4 173 3 189 3 196 3 210 3 282 3 291 3 324 3 334 3 29 3 250 4 291 4 468 4 496 4 497 4 503 4 511 4 518 3 523 4 214 3 343 3 446 3 590 4
3 33 1 45 1 145 1
0
0
1 45 1
0
0
0
1 145 1
0
0
1 14 1
0
0
0
1 64 1
1 232 1
0
0
2 207 1 61 1
0
0
0
0
2 61 1 207 1
0
0
0
1 31 1
0
0
0
0
1 362 1
0
0
1 453 1
0
0
1 250 1
0
0
0
0
0
0
1 54 1
0
0
0
0
0
1 65 1
0
0
0
0
0
0
1 56 1
0
0
0
0
0
0
0
0
0
0
0
0
0
0
0
0
0
0
0
0
0
0
0
0
0
0
0
0
0
0
0
0
0
0
0
0
0
0
0
0
0
