45 19 4 63 4 92 4 104 4 156 4 164 4 168 4 182 4 203 4 207 4 211 4 213 4 214 4 216 4 218 4 237 4 240 4 241 4 263 4 290 4 332 4 355 4 363 4 365 4 369 4 416 4 432 4 445 4 129 3 173 3 189 3 239 3 257 3 283 3 314 3 466 3 143 3 366 3 496 4 497 4 514 4 526 4 214 3 355 3 590 4
4 17 1 33 1 45 1 98 1
0
0
0
1 98 1
0
0
0
1 17 1
0
0
0
1 104 1
0
0
0
0
1 283 1
0
0
0
0
1 18 1
0
0
0
0
1 332 1
0
0
0
0
1 36 1
1 370 1
0
0
0
0
0
0
1 97 1
0
0
0
0
0
0
0
1 413 1
0
0
0
0
0
0
0
1 515 1
0
0
0
0
0
0
0
0
0
0
0
0
0
0
0
0
0
0
0
0
0
0
0
0
0
0
0
0
0
0
0
0
0
0
0
0
0
0
0
0
0
0
0
