69 15 4 38 2 58 4 59 4 85 4 86 4 87 4 91 4 92 4 98 2 104 4 111 2 154 2 156 4 164 4 168 4 182 4 203 4 205 2 207 4 213 4 214 4 216 4 218 4 231 4 237 4 240 4 241 4 247 4 249 4 263 4 269 4 290 4 316 2 346 2 351 4 363 4 365 4 401 2 445 4 446 4 447 4 451 4 129 3 173 3 189 3 196 3 205 3 210 3 276 3 387 3 401 3 29 3 162 3 130 2 203 2 214 2 431 2 496 4 497 4 514 4 526 4 214 3 231 3 343 3 446 3 33 2 45 2 590 4
1 33 1
0
0
0
1 45 1
0
0
0
1 111 1
0
0
0
1 205 1
0
0
0
1 29 1
0
0
0
1 158 1
0
0
0
1 281 1
0
0
0
1 133 1
0
0
0
1 36 1
0
0
0
1 162 1
0
0
0
1 276 1
0
0
0
1 174 1
0
0
0
0
0
0
0
0
0
0
0
0
0
0
0
0
0
0
0
0
0
0
0
0
0
0
0
0
0
0
0
0
0
0
0
0
0
0
0
0
0
0
0
0
0
0
0
0
0
0
0
0
0
0
0
