49 14 4 15 4 63 4 70 4 92 4 104 4 148 4 156 4 164 4 182 4 203 4 206 4 207 4 213 4 214 4 216 4 218 4 237 4 240 4 241 4 249 4 263 4 280 4 290 4 318 4 332 4 363 4 404 4 416 4 445 4 173 3 189 3 210 3 253 3 282 3 283 3 81 3 269 4 450 3 468 4 496 4 497 4 522 4 214 3 215 3 304 3 590 4 611 4 612 4
2 45 1 117 1
0
0
0
0
0
0
0
0
1 210 1
0
0
0
1 141 1
0
0
0
1 47 1
0
0
0
1 116 1
0
0
0
2 404 1 163 1
0
0
0
2 103 1 404 1
0
0
0
2 405 1 103 1
0
1 565 1
0
2 195 1 269 1
0
0
0
1 400 1
0
1 564 1
0
1 405 1
0
0
0
1 195 1
0
0
0
0
0
0
0
0
0
0
0
0
0
0
0
0
0
0
0
0
0
0
0
0
0
0
0
0
0
0
0
0
0
0
0
0
0
0
0
0
0
0
0
0
0
0
0
0
0
0
