42 46 4 70 4 85 4 86 4 87 4 92 4 104 4 113 4 148 4 156 4 164 4 168 4 182 4 203 4 207 4 213 4 214 4 216 4 218 4 231 4 237 4 240 4 263 4 290 4 351 4 363 4 445 4 451 4 129 3 173 3 189 3 210 3 324 3 393 3 29 3 496 4 521 4 528 4 555 4 214 3 231 3 590 4
2 33 1 43 1
0
0
0
1 43 1
0
0
0
1 268 1
0
0
0
2 44 1 209 1
0
0
0
0
2 209 1 44 1
0
0
0
0
1 46 1
0
0
0
0
1 207 1
0
0
0
0
2 242 1 422 1
0
0
0
0
2 422 1 242 1
0
0
0
0
1 184 1
0
0
0
0
1 435 1
0
0
0
0
1 528 1
0
0
0
0
0
0
0
0
0
0
0
0
0
0
0
0
0
0
0
0
0
0
0
0
0
0
0
0
0
0
0
0
0
0
0
0
0
0
0
0
0
0
0
0
0
0
0
