47 14 4 15 4 63 4 76 4 92 4 104 4 148 4 156 4 164 4 182 4 188 4 202 4 203 4 207 4 213 4 214 4 216 4 218 4 237 4 240 4 241 4 244 4 247 4 263 4 290 4 331 4 363 4 398 4 412 4 416 4 445 4 447 4 129 3 173 3 189 3 210 3 235 3 402 3 388 3 474 4 496 4 202 3 214 3 343 3 267 4 590 4 605 4
7 40 1 72 1 230 1 311 1 345 1 580 1 599 1
0
0
0
0
0
0
0
0
0
0
0
0
0
0
0
0
0
0
0
0
0
0
0
0
0
0
0
0
0
0
0
0
0
0
0
0
0
0
0
0
0
0
0
0
0
0
0
0
0
0
0
0
0
0
0
0
0
0
0
0
0
0
0
0
0
0
0
0
0
0
0
0
0
0
0
0
0
0
0
0
0
0
0
0
0
0
0
0
0
0
0
0
0
0
0
0
0
0
0
