78 14 4 15 4 46 4 53 4 57 4 58 4 59 4 63 4 70 4 85 4 87 4 89 4 91 4 92 4 104 4 126 4 156 4 157 4 164 4 168 4 182 4 201 4 203 4 207 4 213 4 214 4 216 4 218 4 231 4 237 4 240 4 241 4 249 4 263 4 264 4 280 4 290 4 317 4 351 4 363 4 371 4 374 4 397 4 406 4 411 4 416 4 419 4 431 4 444 4 445 4 446 4 7 3 9 3 173 3 180 3 189 3 200 3 246 3 253 3 276 3 283 3 414 3 428 3 442 3 29 3 220 3 250 4 479 4 496 4 510 4 523 4 525 4 214 3 231 3 406 3 446 3 590 4 612 4
2 29 1 43 1
0
0
0
0
1 116 1
0
0
0
1 228 1
0
0
0
0
1 36 1
0
0
0
1 184 1
0
0
0
0
1 372 1
0
0
0
2 246 1 498 1
0
1 283 1
0
0
0
0
0
2 428 1 246 1
0
0
0
0
0
0
2 103 1 428 1
0
0
0
0
0
0
0
1 103 1
1 457 1
0
0
0
0
0
1 457 1
0
0
0
0
0
0
0
0
0
0
0
0
0
0
0
0
0
0
0
0
0
0
0
0
0
0
0
0
0
0
0
0
0
0
0
0
0
0
0
0
0
0
