62 46 4 53 4 58 4 59 4 63 4 70 4 85 4 87 4 89 4 91 4 92 4 104 4 126 4 156 4 157 4 164 4 182 4 201 4 203 4 207 4 213 4 214 4 216 4 218 4 231 4 237 4 240 4 241 4 249 4 259 4 263 4 269 4 290 4 317 4 351 4 363 4 397 4 416 4 419 4 430 4 444 4 445 4 446 4 173 3 189 3 200 3 246 3 334 3 393 3 414 3 442 3 29 3 277 3 335 3 479 4 496 4 510 4 523 4 214 3 231 3 446 3 590 4
4 33 1 182 1 269 1 319 1
0
0
0
0
1 269 1
0
0
0
1 319 1
0
0
0
0
1 36 1
0
0
0
1 334 1
0
0
0
0
1 207 1
0
0
0
1 246 1
0
1 335 1
0
0
0
0
0
1 203 1
0
0
0
0
0
0
1 368 1
0
0
0
0
0
0
0
1 442 1
1 442 1
0
0
0
0
0
1 484 1
0
0
0
0
0
0
0
0
0
0
0
0
0
0
0
0
0
0
0
0
0
0
0
0
0
0
0
0
0
0
0
0
0
0
0
0
0
0
0
0
0
0
