52 15 4 63 4 92 4 104 4 148 4 156 4 164 4 168 4 182 4 188 4 203 4 207 4 213 4 214 4 216 4 218 4 237 4 240 4 241 4 263 4 290 4 318 4 332 4 355 4 363 4 369 4 374 4 404 4 416 4 432 4 445 4 129 3 173 3 189 3 210 3 283 3 314 3 324 3 466 3 81 3 366 3 450 3 468 4 474 4 496 4 511 4 512 4 522 4 214 3 355 3 590 4 611 4
6 16 1 230 1 40 1 109 1 194 1 565 1
0
1 40 1
0
1 210 1
0
1 109 1
0
2 210 1 228 1
0
0
0
2 455 1 154 1
0
1 228 1
0
1 455 1
0
1 154 1
0
2 408 1 163 1
0
0
0
2 456 1 408 1
0
1 92 1
0
1 456 1
0
1 163 1
0
2 445 1 92 1
0
0
0
2 454 1 403 1
0
1 207 1
0
1 445 1
0
1 194 1
0
1 454 1
0
0
0
1 207 1
0
0
0
1 194 1
0
0
0
1 565 1
0
0
0
0
0
0
0
0
0
0
0
0
0
0
0
0
0
0
0
0
0
0
0
0
0
0
0
0
0
0
0
0
0
0
0
0
0
0
0
0
0
0
0
