57 46 4 57 4 58 4 59 4 63 4 70 4 91 4 92 4 104 4 127 4 156 4 164 4 182 4 203 4 207 4 213 4 214 4 216 4 218 4 231 4 237 4 240 4 249 4 258 4 259 4 263 4 264 4 269 4 280 4 290 4 317 4 339 4 352 4 362 4 363 4 371 4 411 4 416 4 445 4 8 3 129 3 173 3 189 3 196 3 291 3 401 3 29 3 67 3 250 4 291 4 496 4 497 4 503 4 214 3 231 3 590 4 612 4
6 45 1 49 1 98 1 346 1 423 1 242 1
0
1 98 1
1 45 1
0
1 55 1
1 346 1
0
0
1 228 1
1 98 1
0
0
0
2 129 1 55 1
0
0
1 228 1
0
0
2 453 1 129 1
0
0
1 453 1
0
1 242 1
0
0
2 97 1 458 1
0
0
0
0
0
1 250 1
0
0
0
1 250 1
0
1 13 1
0
0
0
0
1 401 1
0
0
0
1 13 1
1 97 1
0
0
0
0
0
1 56 1
0
0
0
0
1 401 1
0
0
0
0
0
0
0
0
0
0
0
0
0
0
0
0
0
0
0
0
0
0
0
0
0
0
0
0
0
0
0
0
0
0
0
0
0
0
