51 14 4 75 2 76 4 92 4 104 4 148 4 156 4 164 4 182 4 202 4 203 4 207 4 213 4 214 4 216 4 218 4 219 4 230 2 237 4 241 4 263 4 267 2 290 4 312 2 320 2 321 2 331 4 363 4 412 4 445 4 447 4 173 3 205 3 235 3 270 3 402 3 311 2 388 3 111 2 205 2 361 2 363 2 402 2 496 4 505 2 202 3 214 3 267 4 579 2 590 4 605 4
2 33 1 234 1
0
0
0
0
0
1 74 1
0
0
1 73 1
0
0
1 270 1
0
0
0
0
0
1 345 1
0
0
1 241 1
0
0
0
0
0
1 388 1
0
0
1 36 1
0
0
0
0
0
1 76 1
0
0
1 381 1
0
0
0
0
0
0
1 572 1
0
0
0
0
0
0
0
0
0
0
0
0
0
0
0
0
0
0
0
0
0
0
0
0
0
0
0
0
0
0
0
0
0
0
0
0
0
0
0
0
0
0
0
0
0
0
0
0
0
0
0
0
0
