39 14 4 63 4 76 4 92 4 104 4 148 4 156 4 164 4 182 4 202 4 203 4 207 4 213 4 214 4 216 4 218 4 219 4 237 4 241 4 263 4 290 4 331 4 363 4 412 4 416 4 445 4 447 4 173 3 205 3 235 3 270 3 402 3 388 3 496 4 202 3 214 3 267 4 590 4 605 4
3 33 1 74 1 234 1
0
0
0
0
0
1 74 1
0
0
1 73 1
0
0
1 270 1
0
0
0
0
0
1 345 1
0
0
1 241 1
0
0
1 80 1
0
0
0
0
1 388 1
0
0
0
0
1 36 1
0
0
0
0
0
0
0
1 76 1
0
0
0
0
1 381 1
0
1 572 1
0
0
0
0
0
0
0
0
0
0
0
0
0
0
0
0
0
0
0
0
0
0
0
0
0
0
0
0
0
0
0
0
0
0
0
0
0
0
0
0
0
0
0
0
0
0
0
0
0
0
