55 57 4 58 4 59 4 68 2 90 2 92 4 104 4 133 2 156 4 164 4 174 2 182 4 203 4 207 4 213 4 214 4 216 4 218 4 237 4 240 4 243 2 254 2 255 2 256 2 258 4 262 2 263 4 281 2 290 4 352 4 362 4 363 4 445 4 173 3 189 3 196 3 246 3 291 3 414 3 29 3 81 3 124 2 220 3 250 4 376 2 54 2 291 4 362 2 496 4 499 2 503 4 214 3 151 2 590 4 611 4
1 189 1
1 300 1
0
1 106 1
0
0
1 352 1
0
0
0
1 426 1
0
0
0
0
1 237 1
0
0
0
0
0
1 240 1
0
0
0
0
0
0
1 34 1
0
0
0
0
0
0
0
1 330 1
0
0
0
0
0
0
0
0
1 105 1
0
0
0
0
0
0
0
0
0
0
0
0
0
0
0
0
0
0
0
0
0
0
0
0
0
0
0
0
0
0
0
0
0
0
0
0
0
0
0
0
0
0
0
0
0
0
0
0
0
0
0
0
0
0
