55 57 4 58 4 59 4 63 4 70 4 89 4 91 4 92 4 104 4 127 4 148 4 156 4 157 4 164 4 182 4 188 4 201 4 203 4 207 4 213 4 214 4 216 4 218 4 237 4 240 4 249 4 258 4 263 4 290 4 317 4 352 4 362 4 363 4 416 4 444 4 445 4 173 3 189 3 196 3 246 3 291 3 414 3 29 3 81 3 220 3 250 4 335 3 291 4 482 4 496 4 503 4 523 4 214 3 590 4 611 4
4 106 1 189 1 300 1 352 1
1 300 1
0
1 106 1
0
0
1 352 1
0
0
0
1 426 1
0
0
0
0
1 237 1
0
0
0
0
0
1 240 1
0
0
0
0
0
0
1 34 1
0
0
0
0
0
0
0
0
0
0
0
1 330 1
0
0
0
0
0
0
0
0
0
0
0
0
1 105 1
0
0
0
0
0
0
0
0
0
0
0
0
0
0
0
0
0
0
0
0
0
0
0
0
0
0
0
0
0
0
0
0
0
0
0
0
0
0
0
0
0
0
0
0
0
0
