74 15 4 63 4 70 4 76 4 85 4 86 4 87 4 91 4 92 4 104 4 138 4 156 4 164 4 168 4 182 4 203 4 207 4 213 4 214 4 216 4 218 4 231 4 237 4 240 4 241 4 247 4 249 4 263 4 264 4 269 4 280 4 289 4 290 4 332 4 351 4 352 4 363 4 369 4 371 4 374 4 416 4 421 4 445 4 447 4 7 3 8 3 9 3 129 3 173 3 180 3 189 3 210 3 253 3 282 3 340 3 387 3 402 3 441 3 29 3 67 3 272 3 468 4 490 4 496 4 512 4 514 4 526 4 214 3 231 3 289 3 343 3 492 3 590 4 612 4
4 10 1 28 1 39 1 310 1
0
0
1 28 1
0
0
0
1 310 1
0
0
1 226 1
0
0
0
1 321 1
0
0
1 154 1
0
0
0
1 129 1
0
0
1 103 1
0
0
0
1 97 1
0
0
1 458 1
0
0
0
1 374 1
0
0
1 417 1
0
0
0
1 387 1
0
0
0
0
0
0
0
0
0
0
0
0
0
0
0
0
0
0
0
0
0
0
0
0
0
0
0
0
0
0
0
0
0
0
0
0
0
0
0
0
0
0
0
0
0
0
0
0
0
0
0
0
0
0
0
0
0
