79 7 2 8 2 9 2 15 4 58 4 67 2 76 4 85 4 86 4 91 4 92 4 104 4 156 4 164 4 182 4 186 2 203 4 207 4 213 2 213 4 214 4 216 4 218 4 227 2 231 4 237 4 240 4 241 4 247 4 249 4 252 2 263 4 264 4 290 4 313 2 327 2 351 4 352 4 363 4 374 4 409 4 415 2 445 4 447 4 451 4 458 2 129 3 173 3 189 3 253 3 270 3 283 3 340 3 387 3 29 3 67 3 175 2 215 3 277 3 264 2 383 2 496 4 509 2 514 4 526 4 7 3 8 3 9 3 214 3 231 3 304 3 343 3 409 3 495 3 298 2 300 2 322 2 590 4 612 4
4 1 1 111 1 150 1 193 1
0
0
0
0
1 203 1
0
0
0
1 608 1
0
0
1 218 1
0
0
1 98 1
0
0
0
0
0
0
1 26 1
0
0
1 226 1
0
0
0
0
0
0
1 97 1
0
0
1 146 1
0
0
0
0
0
0
2 204 1 495 1
0
0
2 340 1 204 1
0
0
0
1 494 1
0
0
2 361 1 494 1
0
0
1 340 1
0
0
0
0
0
0
1 361 1
0
0
0
0
0
0
0
0
0
0
0
0
0
0
0
0
0
0
0
0
0
0
0
0
0
0
0
0
0
0
0
0
0
0
0
0
0
