68 63 4 85 4 86 4 87 4 92 4 94 4 104 4 138 4 148 4 156 4 164 4 168 4 182 4 203 4 207 4 213 4 214 4 216 4 218 4 237 4 240 4 241 4 244 4 247 4 259 4 261 4 263 4 269 4 285 4 289 4 290 4 332 4 347 4 351 4 363 4 371 4 373 4 399 4 412 4 416 4 433 4 445 4 451 4 129 3 173 3 180 3 196 3 253 3 271 3 389 3 466 3 29 3 215 3 220 3 277 3 477 4 496 4 497 4 214 3 285 3 289 3 304 3 399 3 472 3 478 3 492 3 590 4 605 4
8 45 1 149 1 180 1 310 1 345 1 381 1 408 1 566 1
0
0
0
0
0
0
0
0
0
0
0
0
0
0
0
0
0
0
0
0
0
0
0
0
0
0
0
0
0
0
0
0
0
0
0
0
0
0
0
0
0
0
0
0
0
0
0
0
0
0
0
0
0
0
0
0
0
0
0
0
0
0
0
0
0
0
0
0
0
0
0
0
0
0
0
0
0
0
0
0
0
0
0
0
0
0
0
0
0
0
0
0
0
0
0
0
0
0
0
