67 14 4 15 4 36 4 38 4 72 4 76 4 92 4 99 4 102 4 104 4 115 4 117 4 156 4 164 4 14 2 75 2 148 4 173 4 174 4 175 2 182 4 188 4 202 4 203 4 204 2 207 4 213 4 214 4 216 4 218 4 230 4 235 2 237 4 241 4 263 4 275 2 290 4 331 4 14 3 38 3 102 3 164 3 173 3 203 3 207 3 214 3 321 2 363 4 412 4 445 4 447 4 235 3 380 3 402 3 298 2 388 3 267 2 290 2 474 4 495 2 496 4 202 3 495 3 267 4 590 4 605 4 611 4
1 71 1
0
0
0
1 230 1
0
1 230 1
0
1 51 1
0
0
0
1 77 1
1 77 1
2 77 1 78 1
1 78 1
2 78 1 79 1
1 79 1
1 79 1
0
1 72 1
0
1 51 1
1 51 1
1 381 1
0
0
0
1 363 1
0
0
1 236 1
2 80 1 236 1
0
0
0
1 202 1
0
1 80 1
0
1 80 1
0
0
0
1 580 1
1 76 1
0
0
0
0
0
0
0
0
0
0
0
0
0
0
0
0
0
0
0
0
0
0
0
0
0
0
0
0
0
0
0
0
0
0
0
0
0
0
0
0
0
0
0
0
0
0
0
0
0
0
0
0
0
0
