63 19 4 63 4 86 4 92 4 94 4 104 4 138 4 156 4 164 4 168 4 182 4 203 4 207 4 211 4 213 4 214 4 216 4 218 4 237 4 240 4 241 4 244 4 247 4 259 4 263 4 269 4 289 4 290 4 332 4 347 4 355 4 363 4 365 4 371 4 373 4 399 4 416 4 432 4 445 4 129 3 180 3 189 3 239 3 253 3 257 3 276 3 314 3 389 3 466 3 143 3 366 3 496 4 510 4 511 4 514 4 555 4 196 3 214 3 289 3 355 3 399 3 492 3 590 4
6 17 1 114 1 228 1 310 1 389 1 400 1
0
0
0
0
0
0
0
0
0
0
0
0
0
0
0
0
0
0
0
0
0
0
0
1 207 1
0
0
0
0
0
0
0
0
0
1 417 1
0
0
0
0
0
0
0
0
0
2 400 1 492 1
0
0
0
0
0
0
0
0
0
2 399 1 400 1
0
0
0
0
0
0
0
0
0
1 511 1
0
0
0
0
0
0
0
0
0
1 399 1
0
0
0
0
0
0
0
0
0
0
0
0
0
0
0
0
0
0
0
0
0
0
0
0
0
