68 15 4 28 2 39 2 44 2 85 4 87 4 91 4 92 4 98 2 104 4 138 4 148 4 156 4 164 4 168 4 182 4 203 4 207 4 213 4 214 4 216 4 218 4 231 4 237 4 240 4 241 4 244 4 247 4 259 4 263 4 269 4 289 4 290 4 313 2 332 4 351 4 352 4 363 4 369 4 371 4 372 2 421 4 445 4 129 3 173 3 189 3 210 3 282 3 387 3 389 3 29 3 162 3 175 2 289 2 358 2 387 2 468 4 496 4 497 4 514 4 526 4 214 3 231 3 289 3 304 3 343 3 492 3 590 4
1 252 1
0
0
0
1 10 1
0
0
1 45 1
0
0
0
0
1 95 1
0
0
0
1 185 1
0
0
1 154 1
0
0
0
0
1 204 1
0
0
0
1 274 1
0
0
1 445 1
0
0
0
0
1 163 1
0
0
0
1 389 1
0
0
1 213 1
1 213 1
0
0
1 468 1
0
1 583 1
0
0
0
0
0
0
0
0
0
0
0
0
0
0
0
0
0
0
0
0
0
0
0
0
0
0
0
0
0
0
0
0
0
0
0
0
0
0
0
0
0
0
0
0
0
0
0
0
0
0
