73 50 2 86 4 92 4 94 4 95 2 104 4 105 2 113 4 115 4 138 2 138 4 148 4 156 4 164 4 174 2 182 4 203 4 207 4 213 4 214 4 216 4 218 4 219 4 237 4 240 4 241 4 244 4 247 4 248 2 259 4 263 4 269 4 273 2 278 4 285 4 289 4 290 4 347 4 351 4 363 4 433 4 445 4 447 4 451 4 129 3 173 3 196 3 205 3 253 3 270 3 271 3 282 3 324 3 387 3 428 3 215 3 277 3 356 3 285 2 473 4 477 4 496 4 497 4 500 2 20 3 214 3 278 3 285 3 289 3 304 3 322 2 590 4 605 4
1 35 1
0
0
0
0
1 45 1
0
0
1 310 1
0
0
0
0
1 93 1
0
0
1 253 1
0
0
0
0
1 387 1
0
0
1 494 1
0
0
0
0
0
0
0
0
0
0
0
0
0
0
0
0
0
0
0
0
0
0
0
0
0
0
0
0
0
0
0
0
0
0
0
0
0
0
0
0
0
0
0
0
0
0
0
0
0
0
0
0
0
0
0
0
0
0
0
0
0
0
0
0
0
0
0
0
0
0
0
0
0
0
0
