57 15 4 46 4 53 4 63 4 70 4 91 4 92 4 104 4 126 4 153 4 156 4 164 4 168 4 182 4 188 4 203 4 207 4 213 4 214 4 216 4 218 4 231 4 237 4 240 4 241 4 247 4 249 4 259 4 263 4 269 4 289 4 290 4 363 4 371 4 398 4 399 4 416 4 421 4 432 4 445 4 129 3 173 3 189 3 210 3 389 3 29 3 468 4 474 4 496 4 510 4 555 4 214 3 231 3 289 3 399 3 492 3 590 4
3 10 1 116 1 139 1
0
0
1 139 1
0
0
1 103 1
0
0
1 154 1
1 154 1
0
0
1 108 1
1 108 1
0
0
1 364 1
0
1 92 1
0
1 163 1
0
0
1 163 1
0
1 92 1
0
0
0
1 400 1
2 400 1 491 1
0
1 53 1
0
0
0
0
0
0
2 262 1 400 1
1 262 1
0
0
0
0
0
0
0
0
1 262 1
1 153 1
0
0
0
1 562 1
0
0
0
0
1 153 1
0
0
0
0
0
0
0
0
0
0
0
0
0
0
0
0
0
0
0
0
0
0
0
0
0
0
0
0
0
0
0
0
0
0
0
0
0
0
0
