57 76 4 89 4 92 4 94 4 104 4 113 4 115 4 138 4 148 4 156 4 157 4 164 4 182 4 201 4 203 4 207 4 214 4 216 4 218 4 219 4 237 4 240 4 241 4 244 4 247 4 263 4 278 4 285 4 290 4 317 4 347 4 360 4 363 4 371 4 397 4 430 4 433 4 446 4 447 4 451 4 173 3 205 3 246 3 271 3 324 3 356 3 473 4 477 4 496 4 523 4 214 3 278 3 285 3 334 3 446 3 472 3 590 4
2 33 1 93 1
0
0
0
1 95 1
0
1 95 1
0
1 286 1
0
1 109 1
1 286 1
0
1 109 1
1 149 1
0
0
0
2 326 1 334 1
0
1 185 1
0
0
0
1 219 1
1 334 1
0
0
1 248 1
1 219 1
1 319 1
0
0
0
1 360 1
0
1 248 1
0
1 326 1
0
2 185 1 371 1
0
0
0
1 377 1
0
0
0
2 371 1 484 1
0
0
1 377 1
0
1 484 1
0
0
0
0
0
0
0
0
0
0
0
0
0
0
0
0
0
0
0
0
0
0
0
0
0
0
0
0
0
0
0
0
0
0
0
0
0
0
0
0
0
0
0
0
0
0
