56 29 2 91 4 92 4 104 4 106 2 111 2 120 2 153 4 156 4 157 4 164 4 168 4 182 4 201 4 203 4 205 2 207 4 213 4 214 4 216 4 218 4 237 4 241 4 244 4 263 4 280 4 290 4 317 4 328 2 347 4 363 4 397 4 445 4 446 4 173 3 205 3 253 3 270 3 389 3 414 3 29 3 67 3 272 3 335 3 174 2 203 2 446 2 479 4 496 4 214 3 343 3 446 3 492 3 495 3 267 4 590 4
2 313 1 383 1
0
0
0
1 175 1
1 175 1
0
1 67 1
1 67 1
0
0
1 88 1
0
1 88 1
2 21 1 102 1
0
1 102 1
0
1 185 1
0
0
2 335 1 317 1
0
0
1 185 1
1 335 1
0
0
1 157 1
1 317 1
0
0
3 157 1 102 1 68 1
0
0
1 389 1
0
1 21 1
0
1 38 1
1 389 1
0
0
0
0
1 38 1
0
0
0
0
0
0
0
0
0
0
0
0
0
0
0
0
0
0
0
0
0
0
0
0
0
0
0
0
0
0
0
0
0
0
0
0
0
0
0
0
0
0
0
0
0
0
0
0
0
0
0
0
0
0
