83 76 4 85 4 86 4 87 4 92 4 94 4 95 2 102 2 104 4 109 2 113 4 115 4 138 4 148 4 156 4 164 4 168 4 182 4 203 4 204 2 207 4 213 4 214 4 216 4 218 4 219 4 237 4 240 4 241 4 244 2 244 4 247 4 248 2 252 2 259 4 263 4 264 4 269 4 271 2 278 4 280 4 285 4 289 4 290 4 298 2 347 4 351 4 358 2 361 2 363 4 374 4 409 4 433 4 445 4 447 4 451 4 173 3 189 3 253 3 270 3 271 3 324 3 29 3 272 3 277 3 417 2 196 2 471 2 473 4 477 4 478 2 496 4 196 3 214 3 278 3 285 3 289 3 343 3 409 3 472 3 478 3 590 4 611 4
3 93 1 112 1 321 1
0
0
1 383 1
0
0
0
1 96 1
0
0
2 227 1 3 1
0
0
0
2 3 1 102 1
0
0
2 102 1 227 1
0
0
0
2 113 1 115 1
0
0
1 60 1
0
0
0
1 164 1
0
0
1 278 1
0
0
0
1 271 1
0
0
1 94 1
0
0
0
1 272 1
0
0
1 226 1
0
0
0
1 219 1
0
0
0
0
0
0
0
0
0
0
0
0
0
0
0
0
0
0
0
0
0
0
0
0
0
0
0
0
0
0
0
0
0
0
0
0
0
0
0
0
0
0
0
0
0
0
0
0
0
0
