56 19 4 48 2 92 4 97 2 101 2 104 4 156 4 164 4 168 4 182 4 203 4 207 4 211 4 213 4 214 4 216 4 218 4 227 2 237 4 240 4 241 4 259 4 263 4 269 4 290 4 332 4 355 4 363 4 365 4 369 4 417 2 432 4 445 4 129 3 173 3 189 3 239 3 253 3 257 3 314 3 466 3 143 3 272 3 366 3 211 2 214 2 314 2 432 2 496 4 497 4 526 4 214 3 304 3 355 3 586 2 590 4
5 64 1 269 1 304 1 448 1 590 1
0
0
0
1 45 1
0
0
0
1 119 1
0
0
0
1 47 1
0
0
0
1 31 1
0
0
0
1 448 1
0
0
0
1 269 1
0
0
0
2 102 1 496 1
0
0
0
2 355 1 102 1
0
0
0
2 253 1 497 1
0
0
0
2 297 1 355 1
0
0
0
2 304 1 253 1
0
0
0
1 485 1
1 297 1
0
0
1 297 1
0
0
0
1 304 1
0
0
0
0
0
0
0
0
0
0
0
0
0
0
0
0
0
0
0
0
0
0
0
0
0
0
0
0
0
0
0
0
0
0
0
0
0
0
0
0
0
0
0
