66 63 4 92 4 94 4 104 4 108 2 138 4 148 4 156 4 164 4 168 4 182 4 194 2 203 4 207 4 213 4 214 4 216 4 218 4 220 2 237 4 240 4 241 4 244 4 247 4 259 4 261 4 263 4 269 4 286 2 288 2 289 4 290 4 317 4 318 4 347 4 351 4 352 4 363 4 373 4 399 4 416 4 425 2 445 4 173 3 180 3 196 3 253 3 271 3 389 3 466 3 220 3 171 2 445 2 477 4 496 4 511 4 514 4 555 4 214 3 289 3 399 3 472 3 492 3 492 2 590 4 611 4
5 109 1 174 1 180 1 228 1 425 1
0
0
0
0
0
1 185 1
0
0
0
0
0
1 95 1
0
0
0
0
0
1 138 1
0
0
0
0
0
1 466 1
0
0
0
0
0
1 389 1
0
0
0
0
0
1 417 1
0
0
0
0
0
1 262 1
0
0
0
0
0
1 399 1
0
0
0
0
0
0
0
0
0
0
0
0
0
0
0
0
0
0
0
0
0
0
0
0
0
0
0
0
0
0
0
0
0
0
0
0
0
0
0
0
0
0
0
0
0
0
0
0
0
0
0
