57 15 4 46 4 53 4 70 4 89 4 91 4 92 4 104 4 126 4 156 4 157 4 164 4 182 4 201 4 203 4 207 4 213 4 214 4 216 4 218 4 231 4 237 4 240 4 241 4 249 4 263 4 290 4 317 4 332 4 337 4 363 4 406 4 421 4 431 4 434 3 444 4 445 4 446 4 129 3 173 3 189 3 200 3 210 3 239 3 414 3 442 3 29 3 468 4 496 4 510 4 523 4 214 3 231 3 406 3 446 3 530 3 590 4
2 28 1 33 1
0
1 28 1
0
0
0
1 82 1
0
0
0
0
0
1 201 1
0
1 36 1
0
0
0
1 328 1
0
0
0
0
1 530 1
0
0
0
1 163 1
0
0
0
0
1 337 1
0
0
0
0
0
0
1 91 1
0
0
0
0
0
0
0
0
1 407 1
0
0
0
0
0
0
0
0
0
0
0
0
0
0
0
0
0
0
0
0
0
0
0
0
0
0
0
0
0
0
0
0
0
0
0
0
0
0
0
0
0
0
0
0
0
0
0
0
0
0
0
