76 14 4 44 2 46 4 67 2 70 4 89 4 91 4 92 4 97 2 104 4 136 2 156 4 157 4 164 4 170 2 182 4 197 2 203 4 207 4 213 4 214 4 216 4 218 4 231 4 237 4 238 2 240 4 241 4 242 2 249 4 263 4 264 4 280 4 290 4 299 2 317 4 327 2 334 2 339 4 363 4 371 4 374 4 398 4 409 4 410 2 411 4 418 2 421 4 445 4 8 3 9 3 129 3 173 3 189 3 210 3 270 3 334 3 393 3 410 3 428 3 29 3 67 3 266 2 272 3 490 4 496 4 509 2 514 4 523 4 526 4 214 3 231 3 409 3 530 3 590 4 612 4
3 98 1 193 1 203 1
0
0
0
0
1 68 1
0
0
0
0
2 395 1 364 1
0
0
0
2 364 1 395 1
0
0
0
2 179 1 383 1
0
0
0
0
1 103 1
0
0
0
0
2 383 1 179 1
0
0
0
0
0
0
0
0
0
0
0
0
0
0
0
0
0
1 417 1
0
0
1 515 1
0
0
0
0
1 515 1
0
0
0
0
0
0
0
0
0
0
0
0
0
0
0
0
0
0
0
0
0
0
0
0
0
0
0
0
0
0
0
0
0
0
0
0
0
0
0
0
0
0
0
0
0
