75 14 4 46 4 63 4 70 4 89 4 91 4 92 4 94 4 104 4 156 4 157 4 164 4 182 4 203 4 207 4 213 4 214 4 216 4 218 4 231 4 237 4 240 4 241 4 247 4 249 4 263 4 264 4 280 4 290 4 317 4 339 4 347 4 352 4 363 4 371 4 374 4 398 4 399 4 406 4 409 4 411 4 416 4 421 4 430 4 431 4 444 4 445 4 8 3 9 3 129 3 173 3 189 3 210 3 270 3 334 3 393 3 410 3 428 3 29 3 67 3 272 3 468 4 490 4 496 4 514 4 523 4 526 4 214 3 231 3 399 3 406 3 409 3 530 3 590 4 612 4
9 98 1 193 1 197 1 232 1 399 1 245 1 370 1 396 1 406 1
0
0
0
0
1 68 1
0
0
0
0
2 395 1 364 1
0
0
0
3 364 1 395 1 612 1
0
0
0
3 198 1 382 1 14 1
0
0
0
0
1 319 1
0
0
0
0
2 382 1 198 1
0
0
0
2 14 1 501 1
0
0
0
3 396 1 14 1 382 1
0
0
0
0
3 370 1 505 1 396 1
0
0
0
0
2 406 1 347 1
0
0
0
3 245 1 396 1 505 1
0
0
0
1 370 1
0
0
0
0
1 406 1
0
0
0
0
1 245 1
0
0
0
0
0
0
0
0
0
0
0
0
0
0
0
0
0
0
0
0
0
0
0
0
0
0
0
0
0
0
0
0
0
0
0
