43 46 4 63 4 70 4 89 4 92 4 104 4 156 4 157 4 164 4 182 4 201 4 203 4 207 4 213 4 214 4 216 4 218 4 231 4 237 4 241 4 249 4 263 4 290 4 317 4 352 4 363 4 416 4 444 4 445 4 446 4 173 3 189 3 276 3 414 3 442 3 29 3 91 4 496 4 523 4 214 3 231 3 446 3 590 4
7 28 1 33 1 44 1 281 1 422 1 423 1 424 1
0
0
0
0
0
1 44 1
0
0
0
0
0
1 281 1
0
0
0
0
0
2 36 1 91 1
0
0
0
0
0
1 328 1
0
0
0
0
0
1 242 1
0
0
0
0
0
0
0
0
1 89 1
0
0
0
0
0
0
0
0
0
1 38 1
0
0
0
0
0
0
0
0
0
1 90 1
0
0
0
0
0
0
0
0
0
0
0
0
0
0
0
0
0
0
0
0
0
0
0
0
0
0
0
0
0
0
0
0
0
0
0
0
0
0
0
0
