67 14 4 15 4 18 2 28 2 70 4 91 4 92 4 97 2 103 2 104 4 109 2 148 4 156 4 163 2 164 4 168 4 182 4 185 2 188 4 203 4 206 4 207 4 213 4 214 4 216 4 218 4 228 2 231 4 237 4 240 4 241 4 247 4 249 4 259 4 263 4 269 4 280 4 290 4 317 4 332 4 363 4 371 4 374 4 398 4 399 4 400 2 404 4 445 4 173 3 189 3 210 3 282 3 401 3 29 3 450 3 41 2 231 2 342 2 468 4 474 4 496 4 522 4 214 3 231 3 399 3 590 4 611 4
3 40 1 44 1 43 1
0
0
0
1 282 1
2 43 1 282 1
0
0
1 42 1
0
0
1 42 1
1 367 1
0
0
1 228 1
1 367 1
0
0
1 450 1
0
0
3 282 1 184 1 305 1
0
0
0
1 474 1
2 184 1 390 1
0
1 468 1
0
0
0
2 390 1 450 1
0
0
0
1 400 1
1 305 1
0
1 184 1
0
0
0
2 242 1 468 1
0
1 565 1
0
1 440 1
2 440 1 474 1
0
0
0
0
0
1 242 1
0
0
0
0
1 440 1
0
0
0
0
0
0
0
0
0
0
0
0
0
0
0
0
0
0
0
0
0
0
0
0
0
0
0
0
0
0
0
0
0
0
0
0
0
0
0
