64 14 4 15 4 46 4 63 4 70 4 89 4 91 4 92 4 104 4 148 4 156 4 157 4 164 4 168 4 182 4 188 4 203 4 206 4 207 4 213 4 214 4 216 4 218 4 231 4 237 4 240 4 241 4 247 4 249 4 259 4 263 4 269 4 280 4 290 4 317 4 332 4 363 4 371 4 374 4 398 4 399 4 404 4 416 4 431 4 445 4 173 3 189 3 210 3 282 3 401 3 29 3 450 3 468 4 474 4 496 4 514 4 522 4 523 4 555 4 214 3 231 3 399 3 590 4 611 4
8 40 1 42 1 43 1 44 1 422 1 423 1 424 1 282 1
0
0
0
1 282 1
2 43 1 282 1
0
0
1 42 1
0
0
1 42 1
1 367 1
0
0
1 228 1
1 367 1
0
0
1 450 1
0
0
3 282 1 184 1 305 1
0
0
0
1 474 1
2 184 1 390 1
0
1 468 1
0
0
0
2 390 1 450 1
0
0
0
1 400 1
1 305 1
0
0
0
1 184 1
0
0
0
0
1 468 1
1 242 1
0
0
0
1 565 1
0
0
1 474 1
1 440 1
1 440 1
0
0
0
0
0
0
1 242 1
0
0
0
0
0
0
0
1 440 1
0
0
0
0
0
0
0
0
0
0
0
0
0
0
0
0
0
0
0
0
0
0
0
0
0
0
0
