88 29 2 70 4 89 4 91 4 92 4 96 2 104 4 156 4 157 4 164 4 168 4 182 4 188 4 203 4 207 4 213 4 214 4 216 4 218 4 223 2 237 4 238 2 240 4 241 4 247 4 249 4 252 2 259 4 263 4 264 4 265 2 269 4 280 4 289 4 290 4 317 4 339 4 358 2 363 4 364 2 371 4 373 4 374 4 382 2 398 4 399 4 404 4 410 2 411 4 418 2 431 4 445 4 8 3 9 3 173 3 180 3 189 3 196 3 210 3 270 3 282 3 340 3 389 3 410 3 441 3 29 3 67 3 68 2 162 3 272 3 367 2 409 2 474 4 482 4 490 4 496 4 514 4 523 4 526 4 214 3 289 3 399 3 409 3 492 3 530 3 501 2 590 4 612 4
1 310 1
0
1 189 1
0
0
0
0
1 40 1
0
1 269 1
0
0
0
0
1 228 1
0
1 185 1
0
0
0
0
1 279 1
0
1 207 1
0
0
0
0
1 426 1
0
1 389 1
0
0
0
0
2 417 1 474 1
0
2 398 1 417 1
0
0
0
0
2 188 1 398 1
0
2 260 1 188 1
0
1 562 1
0
0
1 260 1
0
0
0
0
0
0
0
0
0
0
0
0
0
0
0
0
0
0
0
0
0
0
0
0
0
0
0
0
0
0
0
0
0
0
0
0
0
0
0
0
0
0
0
0
0
0
0
0
0
0
