60 57 4 58 4 59 4 60 2 92 4 97 2 104 4 127 4 148 4 150 2 156 4 164 4 175 2 182 4 186 2 203 4 204 2 207 4 213 4 214 4 216 4 218 4 219 4 237 4 240 4 244 4 258 4 263 4 290 4 318 4 321 2 352 4 362 4 363 4 369 4 371 4 401 2 432 4 445 4 129 3 173 3 196 3 239 3 291 3 314 3 340 3 401 3 466 3 250 4 366 3 62 2 291 4 324 2 362 2 496 4 503 4 214 3 324 3 267 4 590 4
1 1 1
0
0
0
0
1 55 1
0
0
0
1 213 1
0
0
1 240 1
0
0
0
1 16 1
0
0
0
0
1 352 1
0
0
0
1 445 1
0
0
1 219 1
0
0
0
1 392 1
0
0
0
0
1 250 1
0
0
0
1 369 1
0
0
1 340 1
0
0
0
1 318 1
0
0
0
0
1 487 1
0
0
0
0
0
0
0
0
0
0
0
0
0
0
0
0
0
0
0
0
0
0
0
0
0
0
0
0
0
0
0
0
0
0
0
0
0
0
0
0
0
0
0
0
0
0
