57 21 2 56 2 57 4 58 4 59 4 89 4 92 4 104 4 114 2 127 4 150 2 156 4 157 2 164 4 182 4 203 4 207 4 213 4 214 4 216 4 218 4 237 4 239 2 240 4 243 2 258 4 263 4 290 4 300 2 324 2 332 4 346 2 352 4 363 4 445 4 129 3 173 3 189 3 196 3 270 3 291 3 314 3 340 3 29 3 250 4 133 2 157 4 291 4 469 2 496 4 503 4 512 4 523 4 214 3 324 3 366 2 590 4
2 33 1 145 1
0
1 48 1
1 48 1
0
0
1 61 1
0
0
1 61 1
1 109 1
0
1 29 1
1 17 1
0
1 29 1
0
0
2 97 1 352 1
0
0
1 17 1
1 469 1
0
0
0
1 36 1
1 352 1
0
0
1 36 1
1 97 1
0
0
0
1 403 1
1 109 1
0
1 392 1
1 340 1
0
0
0
0
0
2 392 1 340 1
0
0
1 56 1
0
0
0
0
0
0
0
0
0
0
0
0
0
0
0
0
0
0
0
0
0
0
0
0
0
0
0
0
0
0
0
0
0
0
0
0
0
0
0
0
0
0
0
0
0
0
0
0
0
0
0
