59 14 4 23 2 38 2 54 2 58 4 59 4 73 2 74 2 76 4 92 4 104 4 113 4 148 4 156 4 164 4 182 4 202 4 203 4 207 4 213 4 214 4 216 4 218 4 219 4 231 4 237 4 240 4 247 4 258 4 263 4 290 4 331 4 345 2 352 4 363 4 402 2 412 4 419 4 445 4 447 4 8 3 173 3 189 3 196 3 235 3 402 3 29 3 130 2 272 3 388 3 331 2 363 2 419 2 496 4 524 4 202 3 214 3 231 3 590 4
2 43 1 181 1
0
0
0
1 75 1
0
0
0
1 196 1
0
0
0
1 320 1
0
0
0
1 207 1
0
0
0
1 54 1
0
0
0
0
1 420 1
0
0
0
0
1 275 1
0
0
0
0
1 452 1
0
0
0
0
1 59 1
0
0
0
0
1 329 1
0
0
0
0
0
0
0
0
0
0
0
0
0
0
0
0
0
0
0
0
0
0
0
0
0
0
0
0
0
0
0
0
0
0
0
0
0
0
0
0
0
0
0
0
0
0
0
0
0
0
0
0
0
0
