75 14 4 15 4 57 4 58 4 59 4 63 4 70 4 91 4 92 4 104 4 138 4 156 4 164 4 168 4 182 4 203 4 206 4 207 4 213 4 214 4 216 4 218 4 231 4 237 4 240 4 241 4 244 4 247 4 249 4 258 4 259 4 263 4 264 4 269 4 280 4 289 4 290 4 332 4 347 4 363 4 371 4 373 4 374 4 398 4 399 4 404 4 411 4 416 4 419 4 421 4 445 4 8 3 129 3 173 3 180 3 189 3 196 3 210 3 282 3 29 3 67 3 250 4 115 4 468 4 490 4 496 4 514 4 555 4 214 3 231 3 289 3 399 3 492 3 590 4 612 4
7 10 1 43 1 98 1 269 1 279 1 372 1 373 1
0
0
0
0
0
0
1 98 1
0
2 103 1 185 1
0
0
0
2 185 1 196 1
0
1 154 1
0
0
0
1 417 1
1 154 1
1 232 1
0
1 417 1
1 468 1
0
0
2 196 1 374 1
0
0
0
1 103 1
0
0
2 400 1 468 1
0
0
2 374 1 400 1
0
1 289 1
0
2 232 1 374 1
0
1 386 1
0
0
1 399 1
0
2 399 1 232 1
0
1 399 1
0
0
0
0
0
0
0
0
0
0
0
0
0
0
0
0
0
0
0
0
0
0
0
0
0
0
0
0
0
0
0
0
0
0
0
0
0
0
0
0
0
0
0
0
0
0
0
0
0
