47 63 4 85 4 86 4 87 4 92 4 104 4 113 4 115 4 148 4 153 4 156 4 164 4 182 4 203 4 207 4 214 4 216 4 218 4 237 4 240 4 241 4 244 4 263 4 278 4 290 4 351 4 360 4 363 4 416 4 430 4 451 4 129 3 173 3 205 3 324 3 334 3 393 3 442 3 277 3 356 3 496 4 521 4 528 4 214 3 278 3 527 3 590 4
9 33 1 48 1 84 1 112 1 243 1 319 1 49 1 192 1 602 1
0
0
1 48 1
0
1 84 1
1 84 1
0
0
0
3 48 1 49 1 604 1
0
0
1 49 1
1 86 1
0
1 86 1
1 443 1
0
0
1 209 1
1 209 1
0
0
1 429 1
0
2 199 1 486 1
0
1 319 1
2 443 1 199 1
0
0
0
3 103 1 443 1 486 1
0
0
0
0
1 430 1
2 435 1 103 1
0
0
0
0
1 103 1
2 429 1 435 1
0
0
0
2 393 1 429 1
1 435 1
0
0
2 360 1 393 1
0
1 199 1
0
0
0
2 192 1 360 1
0
1 393 1
0
0
0
1 192 1
1 360 1
0
0
0
0
0
1 192 1
0
0
0
0
0
0
0
0
0
0
0
0
0
0
0
0
0
0
0
0
0
0
0
0
0
0
0
