75 14 4 15 4 53 4 57 4 58 4 59 4 63 4 70 4 76 4 85 4 87 4 89 4 91 4 92 4 104 4 126 4 138 4 153 4 156 4 157 4 164 4 168 4 182 4 201 4 203 4 207 4 213 4 214 4 216 4 218 4 231 4 237 4 240 4 241 4 244 4 247 4 249 4 263 4 264 4 280 4 290 4 317 4 351 4 352 4 360 4 363 4 374 4 411 4 416 4 431 4 445 4 7 3 8 3 9 3 173 3 189 3 196 3 205 3 282 3 401 3 428 3 29 3 250 4 335 3 496 4 510 4 514 4 523 4 525 4 526 4 20 3 214 3 231 3 590 4 612 4
3 122 1 378 1 438 1
0
0
0
1 48 1
0
0
0
1 111 1
0
0
0
1 282 1
0
0
0
1 35 1
0
0
0
1 23 1
0
0
0
1 50 1
0
0
0
1 21 1
0
0
0
1 205 1
0
0
0
2 382 1 498 1
0
0
0
2 287 1 382 1
0
0
0
2 103 1 287 1
0
0
0
2 438 1 103 1
0
0
0
2 378 1 438 1
0
0
0
2 360 1 378 1
0
0
0
1 360 1
0
0
0
0
0
0
0
0
0
0
0
0
0
0
0
0
0
0
0
0
0
0
0
0
0
0
0
0
0
0
0
0
0
0
0
0
0
0
0
