62 14 4 15 4 63 4 70 4 76 4 89 4 92 4 104 4 115 4 148 4 156 4 157 4 164 4 168 4 182 4 188 4 202 4 203 4 207 4 213 4 214 4 216 4 218 4 237 4 241 4 244 4 249 4 263 4 280 4 290 4 317 4 331 4 332 4 351 4 363 4 371 4 374 4 398 4 411 4 412 4 416 4 445 4 447 4 173 3 189 3 235 3 246 3 282 3 402 3 29 3 220 3 335 3 388 3 496 4 523 4 20 3 202 3 214 3 283 3 267 4 590 4 611 4
3 132 1 275 1 335 1
0
0
1 79 1
1 79 1
0
1 22 1
1 71 1
0
1 71 1
0
1 74 1
0
1 77 1
1 77 1
0
1 20 1
0
1 22 1
1 74 1
0
1 20 1
1 72 1
0
0
1 72 1
1 282 1
0
1 78 1
1 78 1
0
0
3 246 1 282 1 363 1
0
0
3 282 1 246 1 202 1
0
0
0
2 363 1 246 1
0
0
1 21 1
0
0
1 321 1
1 321 1
0
1 378 1
2 378 1 580 1
0
0
1 438 1
1 438 1
0
1 335 1
1 335 1
0
0
0
0
0
0
0
0
0
0
0
0
0
0
0
0
0
0
0
0
0
0
0
0
0
0
0
0
0
0
0
0
0
0
0
0
0
0
0
0
0
0
0
