59 53 4 63 4 70 4 76 4 85 4 89 4 92 4 94 4 104 4 126 4 156 4 157 4 164 4 168 4 182 4 203 4 207 4 213 4 214 4 216 4 218 4 231 4 237 4 241 4 249 4 259 4 261 4 263 4 264 4 269 4 280 4 290 4 315 4 317 4 363 4 374 4 411 4 416 4 431 4 445 4 7 3 9 3 173 3 189 3 257 3 270 3 29 3 67 3 488 4 490 4 496 4 510 4 523 4 214 3 231 3 343 3 530 3 590 4 612 4
5 9 1 43 1 52 1 108 1 123 1
0
0
0
1 52 1
1 52 1
1 52 1
1 108 1
0
1 108 1
1 108 1
1 185 1
0
0
1 83 1
1 185 1
0
0
2 83 1 499 1
0
1 83 1
1 481 1
0
0
1 109 1
1 109 1
0
1 7 1
1 7 1
0
0
1 481 1
0
0
0
1 436 1
1 436 1
1 7 1
0
0
0
1 241 1
1 53 1
1 436 1
0
0
0
0
1 53 1
1 53 1
0
1 241 1
0
0
1 126 1
1 241 1
0
1 126 1
0
0
0
2 126 1 63 1
0
0
0
0
1 63 1
1 63 1
0
0
0
0
0
0
0
0
0
0
0
0
0
0
0
0
0
0
0
0
0
0
0
0
0
0
0
0
0
0
0
0
