80 19 4 53 4 63 4 76 4 86 4 92 4 94 4 104 4 113 4 115 4 126 4 138 4 148 4 156 4 164 4 182 4 203 4 207 4 211 4 213 4 214 4 216 4 218 4 219 4 237 4 240 4 241 4 244 4 247 4 249 4 263 4 264 4 280 4 290 4 318 4 332 4 351 4 352 4 355 4 363 4 365 4 374 4 409 4 416 4 432 4 445 4 447 4 129 3 173 3 189 3 205 3 239 3 246 3 257 3 271 3 283 3 314 3 324 3 387 3 428 3 466 3 29 3 143 3 215 3 277 3 366 3 473 4 477 4 496 4 497 4 510 4 514 4 526 4 214 3 304 3 343 3 355 3 409 3 590 4 605 4
5 143 1 245 1 396 1 403 1 495 1
0
0
0
0
0
0
0
0
0
0
0
0
0
0
0
0
0
0
0
0
0
0
0
0
0
0
0
0
0
0
0
0
0
0
0
0
0
0
0
0
0
0
0
0
0
0
0
0
0
0
0
0
0
0
0
0
0
0
0
0
0
0
0
0
0
0
0
0
0
0
0
0
0
0
0
0
0
0
0
0
0
0
0
0
0
0
0
0
0
0
0
0
0
0
0
0
0
0
0
