51 63 4 76 4 92 4 94 4 104 4 138 4 148 4 156 4 164 4 168 4 182 4 202 4 203 4 207 4 211 4 213 4 214 4 216 4 218 4 237 4 241 4 244 4 247 4 263 4 290 4 318 4 332 4 355 4 363 4 369 4 416 4 432 4 445 4 129 3 173 3 189 3 246 3 253 3 314 3 324 3 466 3 29 3 81 3 366 3 450 3 496 4 522 4 202 3 214 3 355 3 590 4
8 33 1 98 1 104 1 193 1 400 1 450 1 403 1 405 1
0
0
0
0
1 98 1
0
0
0
0
1 104 1
0
0
1 49 1
0
0
1 197 1
0
0
0
0
1 48 1
0
0
0
0
1 253 1
0
0
1 228 1
0
0
1 246 1
0
0
0
0
2 163 1 364 1
0
0
0
0
2 103 1 163 1
0
0
2 369 1 103 1
0
0
2 403 1 369 1
0
0
0
0
2 405 1 403 1
0
0
1 405 1
0
0
0
0
0
0
0
0
0
0
0
0
0
0
0
0
0
0
0
0
0
0
0
0
0
0
0
0
0
0
0
0
0
0
0
0
0
0
0
0
0
0
0
