58 14 4 46 4 63 4 70 4 76 4 91 4 92 4 104 4 148 4 156 4 164 4 182 4 202 4 203 4 207 4 213 4 214 4 216 4 218 4 231 4 237 4 240 4 241 4 247 4 249 4 263 4 290 4 331 4 332 4 363 4 404 4 412 4 416 4 445 4 447 4 129 3 173 3 189 3 210 3 235 3 270 3 282 3 387 3 402 3 29 3 215 3 388 3 496 4 497 4 514 4 526 4 202 3 214 3 231 3 304 3 343 3 267 4 590 4
3 33 1 39 1 270 1
0
0
0
1 28 1
0
0
1 28 1
1 75 1
0
0
0
1 98 1
0
1 75 1
0
1 320 1
0
0
1 345 1
1 345 1
1 98 1
0
0
1 202 1
0
0
0
2 235 1 14 1
0
0
0
1 235 1
0
0
1 345 1
1 241 1
0
0
0
1 387 1
0
1 202 1
0
1 348 1
0
0
0
0
1 387 1
0
0
0
0
0
0
1 320 1
0
0
0
0
0
0
1 241 1
0
0
0
0
0
0
1 348 1
0
0
0
0
0
0
1 14 1
0
0
0
0
0
0
0
0
0
0
0
0
0
0
0
0
0
0
0
0
0
0
