72 14 4 15 4 63 4 70 4 89 4 91 4 92 4 104 4 156 4 157 4 164 4 168 4 182 4 188 4 201 4 203 4 206 4 207 4 211 4 213 4 214 4 216 4 218 4 231 4 237 4 240 4 241 4 249 4 259 4 263 4 269 4 280 4 290 4 317 4 332 4 355 4 363 4 369 4 371 4 374 4 397 4 398 4 399 4 404 4 416 4 432 4 444 4 445 4 446 4 129 3 173 3 189 3 210 3 282 3 401 3 414 3 29 3 143 3 366 3 468 4 474 4 496 4 512 4 522 4 523 4 214 3 231 3 355 3 399 3 446 3 450 3 590 4
8 28 1 106 1 282 1 398 1 422 1 423 1 424 1 12 1
0
0
1 28 1
1 28 1
0
1 106 1
0
1 106 1
1 282 1
0
1 282 1
1 98 1
0
0
2 98 1 210 1
0
0
1 185 1
1 210 1
0
1 512 1
1 185 1
0
0
0
3 103 1 512 1 400 1
0
0
1 369 1
2 400 1 103 1
0
0
2 14 1 400 1
1 103 1
0
0
2 369 1 14 1
0
1 404 1
0
2 404 1 369 1
0
0
3 12 1 404 1 327 1
0
0
0
1 12 1
1 14 1
0
0
0
0
1 12 1
0
0
0
0
0
0
0
0
0
0
0
0
0
0
0
0
0
0
0
0
0
0
0
0
0
0
0
0
0
0
0
0
0
0
0
0
0
0
0
0
0
0
0
0
0
