53 46 4 58 4 59 4 63 4 70 4 89 4 91 4 92 4 104 4 113 4 115 4 156 4 157 4 164 4 182 4 201 4 203 4 207 4 213 4 214 4 216 4 218 4 237 4 240 4 249 4 258 4 263 4 290 4 317 4 363 4 416 4 419 4 431 4 444 4 445 4 446 4 173 3 189 3 196 3 210 3 246 3 276 3 282 3 283 3 414 3 442 3 29 3 335 3 496 4 523 4 214 3 446 3 590 4
6 64 1 181 1 246 1 300 1 316 1 184 1
0
0
1 300 1
1 300 1
0
0
1 181 1
0
0
1 189 1
0
1 189 1
1 203 1
0
1 203 1
0
1 426 1
0
1 426 1
1 258 1
0
0
1 423 1
1 258 1
0
0
2 423 1 36 1
0
0
0
1 36 1
1 458 1
0
0
0
1 54 1
0
0
1 89 1
1 37 1
0
0
0
0
1 89 1
0
1 54 1
0
0
0
1 59 1
0
0
0
1 59 1
0
1 184 1
0
0
0
0
0
0
1 184 1
0
0
0
0
0
0
0
0
0
0
0
0
0
0
0
0
0
0
0
0
0
0
0
0
0
0
0
0
0
0
0
0
0
0
0
