60 58 4 59 4 63 4 76 4 85 4 86 4 87 4 92 4 94 4 104 4 138 4 148 4 156 4 164 4 168 4 182 4 203 4 207 4 214 4 216 4 218 4 231 4 237 4 240 4 241 4 244 4 247 4 263 4 278 4 290 4 332 4 351 4 363 4 373 4 399 4 416 4 433 4 451 4 129 3 173 3 196 3 253 3 271 3 324 3 387 3 428 3 220 3 277 3 356 3 473 4 496 4 214 3 231 3 278 3 393 3 399 3 472 3 492 3 527 3 590 4
7 33 1 160 1 176 1 417 1 433 1 192 1 277 1
0
0
0
0
0
1 60 1
0
0
0
0
1 97 1
0
0
0
0
0
1 105 1
0
0
0
0
1 393 1
0
0
0
0
0
1 324 1
0
0
0
0
1 373 1
0
0
0
0
0
1 435 1
0
0
0
0
1 199 1
0
0
0
0
1 161 1
1 161 1
0
0
0
0
1 277 1
0
0
0
0
0
1 192 1
0
0
0
0
1 63 1
0
0
0
0
0
0
0
0
0
0
0
0
0
0
0
0
0
0
0
0
0
0
0
0
0
0
0
0
0
0
0
0
0
