60 63 4 70 4 85 4 86 4 87 4 89 4 92 4 104 4 153 4 156 4 157 4 164 4 182 4 201 4 203 4 207 4 213 4 214 4 216 4 218 4 237 4 241 4 249 4 259 4 263 4 269 4 290 4 317 4 351 4 363 4 397 4 416 4 430 4 444 4 445 4 446 4 7 3 8 3 9 3 173 3 189 3 205 3 246 3 334 3 393 3 414 3 442 3 29 3 220 3 277 3 335 3 356 3 479 4 496 4 521 4 523 4 214 3 446 3 590 4 605 4
6 33 1 334 1 335 1 356 1 393 1 443 1
0
0
1 334 1
0
0
1 334 1
1 335 1
0
0
1 443 1
0
1 443 1
0
1 86 1
0
0
1 350 1
1 335 1
0
0
1 156 1
0
0
2 86 1 209 1
0
0
0
1 157 1
0
1 157 1
1 408 1
0
0
0
1 201 1
1 201 1
0
1 435 1
0
0
0
2 156 1 414 1
0
0
1 444 1
0
0
2 435 1 408 1
2 192 1 199 1
0
0
0
0
2 444 1 435 1
0
0
0
0
0
2 192 1 444 1
0
0
0
0
0
2 199 1 192 1
0
0
0
0
0
2 414 1 199 1
0
0
0
0
0
1 414 1
0
0
0
0
0
0
0
0
0
0
0
0
0
0
0
0
0
0
0
0
0
