66 36 4 38 4 72 4 76 4 92 4 94 4 99 4 102 4 104 4 115 4 117 4 149 4 156 4 164 4 148 4 103 2 129 4 168 4 173 4 174 4 182 4 188 4 202 2 202 4 203 4 207 4 213 4 214 4 216 4 218 4 226 2 230 4 237 4 241 4 263 4 285 4 290 4 324 2 38 3 102 3 129 3 164 3 173 3 203 3 207 3 214 3 97 2 234 2 363 4 390 2 445 4 450 2 324 3 428 3 81 3 450 3 285 2 290 2 474 4 476 2 496 4 522 4 202 3 285 3 590 4 611 4
3 33 1 50 1 193 1
0
0
0
1 48 1
0
0
0
1 48 1
0
2 48 1 93 1
0
1 77 1
0
0
0
2 93 1 141 1
0
1 93 1
1 77 1
0
1 77 1
1 78 1
1 77 1
2 141 1 60 1
0
1 141 1
1 78 1
1 79 1
1 78 1
0
0
1 60 1
0
2 60 1 324 1
1 79 1
1 428 1
1 79 1
0
0
2 94 1 305 1
0
1 94 1
0
0
0
1 94 1
0
0
0
0
0
0
0
0
0
0
0
0
0
0
0
0
0
0
0
0
0
0
0
0
0
0
0
0
0
0
0
0
0
0
0
0
0
0
0
0
0
0
0
0
0
0
0
0
0
0
0
0
0
