80 53 4 63 4 85 4 86 4 87 4 92 4 94 4 104 4 113 4 115 4 126 4 138 4 148 4 153 4 156 4 164 4 182 4 201 4 203 4 207 4 214 4 216 4 218 4 219 4 231 4 237 4 240 4 241 4 244 4 247 4 259 4 263 4 269 4 278 4 285 4 290 4 347 4 351 4 352 4 363 4 369 4 371 4 374 4 412 4 416 4 433 4 446 4 447 4 451 4 7 3 8 3 9 3 129 3 173 3 189 3 253 3 270 3 271 3 282 3 324 3 387 3 428 3 29 3 272 3 277 3 473 4 477 4 496 4 510 4 512 4 214 3 231 3 278 3 285 3 446 3 472 3 478 3 590 4 605 4 612 4
4 156 1 93 1 363 1 387 1
0
0
0
0
1 286 1
0
0
0
0
0
0
0
0
0
1 197 1
0
0
0
0
2 93 1 129 1
0
0
0
0
0
0
0
0
0
1 253 1
0
0
0
0
1 248 1
0
0
0
0
0
0
0
0
0
1 417 1
0
0
0
1 326 1
1 326 1
0
0
0
0
0
0
0
0
0
1 387 1
0
0
0
0
1 363 1
0
0
0
0
0
0
0
0
0
1 153 1
0
0
0
0
0
0
0
0
0
0
0
0
0
0
0
0
0
0
0
0
0
0
0
0
