79 15 4 19 4 46 4 63 4 70 4 85 4 86 4 87 4 89 4 92 4 94 4 104 4 138 4 156 4 164 4 182 4 203 4 207 4 211 4 214 4 216 4 218 4 219 4 231 4 237 4 240 4 241 4 244 4 247 4 249 4 261 4 263 4 290 4 318 4 332 4 337 4 347 4 351 4 363 4 371 4 399 4 406 4 412 4 416 4 421 4 431 4 432 4 434 3 444 4 451 4 129 3 173 3 180 3 189 3 196 3 200 3 210 3 239 3 246 3 314 3 401 3 414 3 442 3 466 3 29 3 220 3 356 3 468 4 477 4 496 4 497 4 523 4 525 4 214 3 231 3 304 3 399 3 406 3 590 4
2 184 1 225 1
0
0
0
0
1 466 1
0
0
0
2 466 1 246 1
0
0
0
0
1 163 1
0
0
0
1 425 1
1 246 1
0
0
0
1 194 1
0
0
0
1 337 1
0
1 337 1
0
0
1 414 1
0
0
0
1 396 1
0
0
1 467 1
0
1 421 1
0
0
0
1 467 1
0
0
0
2 377 1 506 1
0
0
0
0
0
0
0
0
0
1 414 1
0
0
0
0
0
0
0
0
0
1 163 1
0
0
0
0
0
0
0
0
0
1 421 1
0
0
0
0
0
0
0
0
0
1 396 1
0
0
0
0
0
0
0
0
0
0
