79 14 4 15 4 58 4 59 4 63 4 70 4 85 4 86 4 87 4 92 4 94 4 104 4 138 4 148 4 156 4 157 4 164 4 168 4 182 4 188 4 203 4 207 4 214 4 216 4 218 4 237 4 240 4 241 4 244 4 247 4 249 4 259 4 261 4 263 4 264 4 269 4 280 4 289 4 290 4 317 4 332 4 347 4 351 4 363 4 371 4 373 4 374 4 398 4 399 4 404 4 409 4 411 4 416 4 421 4 431 4 451 4 129 3 173 3 180 3 189 3 196 3 271 3 282 3 387 3 389 3 466 3 29 3 496 4 510 4 514 4 555 4 214 3 289 3 399 3 409 3 472 3 492 3 590 4 612 4
3 50 1 101 1 466 1
0
0
0
0
0
0
0
0
0
1 98 1
0
0
0
0
0
0
0
0
1 95 1
0
0
0
0
0
0
0
0
2 228 1 185 1
0
0
0
0
0
0
0
0
1 171 1
0
0
0
0
0
0
0
0
1 104 1
0
0
0
0
0
0
0
0
0
1 114 1
0
0
0
0
0
0
0
0
1 464 1
0
0
0
0
0
0
0
0
2 373 1 417 1
0
0
0
0
0
0
0
0
1 138 1
0
0
0
0
0
0
0
0
1 399 1
0
0
0
0
0
0
0
