45 14 4 63 4 76 4 92 4 94 4 104 4 148 4 156 4 164 4 182 4 202 4 203 4 207 4 214 4 216 4 218 4 219 4 237 4 241 4 244 4 263 4 290 4 331 4 363 4 412 4 416 4 447 4 129 3 173 3 189 3 235 3 283 3 387 3 402 3 414 3 428 3 29 3 388 3 496 4 202 3 214 3 343 3 267 4 590 4 605 4
2 111 1 74 1
0
0
0
0
0
0
0
0
1 345 1
0
0
0
0
0
0
0
0
1 73 1
0
0
0
0
0
0
0
0
1 235 1
0
0
0
0
0
0
0
0
1 230 1
0
0
0
0
0
0
0
0
1 363 1
0
0
0
0
0
0
0
0
1 388 1
0
0
0
0
0
0
0
0
1 312 1
0
0
0
0
0
0
0
0
1 412 1
0
0
0
0
0
0
0
0
2 320 1 186 1
0
0
0
0
0
0
0
0
2 381 1 361 1
0
0
0
0
0
0
0
0
1 465 1
