124 14 4 15 4 19 4 46 4 53 4 57 4 58 4 59 4 63 4 70 4 76 4 85 4 86 4 87 4 89 4 92 4 94 4 104 4 113 4 115 4 126 4 127 4 138 4 148 4 156 4 157 4 164 4 182 4 188 4 201 4 202 4 203 4 207 4 214 4 216 4 218 4 219 4 231 4 237 4 240 4 241 4 244 4 247 4 249 4 258 4 261 4 263 4 278 4 280 4 290 4 315 4 317 4 318 4 331 4 332 4 337 4 347 4 351 4 352 4 362 4 363 4 371 4 398 4 399 4 404 4 406 4 411 4 412 4 416 4 419 4 421 4 430 4 431 4 432 4 433 4 434 3 444 4 446 4 447 4 451 4 129 3 173 3 189 3 196 3 200 3 210 3 239 3 246 3 257 3 271 3 291 3 324 3 334 3 387 3 401 3 414 3 428 3 442 3 466 3 29 3 250 4 277 3 356 3 366 3 468 4 473 4 477 4 496 4 497 4 510 4 511 4 514 4 523 4 526 4 555 4 202 3 214 3 231 3 278 3 304 3 399 3 406 3 446 3 590 4
4 69 1 322 1 363 1 386 1
0
0
0
0
0
0
0
0
1 356 1
0
0
0
0
0
0
0
0
0
1 414 1
0
0
0
0
0
0
0
0
0
1 304 1
0
0
0
0
0
0
0
0
0
1 245 1
0
0
0
0
0
0
0
0
0
1 287 1
0
0
0
0
0
0
0
0
0
1 248 1
0
0
0
0
0
0
0
0
0
1 105 1
0
0
0
0
0
0
0
0
0
1 63 1
0
0
0
0
0
0
0
0
0
1 195 1
0
0
0
0
0
0
0
0
0
1 449 1
