64 53 4 63 4 76 4 85 4 86 4 87 4 92 4 94 4 104 4 113 4 126 4 148 4 156 4 164 4 182 4 207 4 216 4 218 4 219 4 237 4 241 4 244 4 247 4 249 4 261 4 263 4 269 4 280 4 315 4 369 4 373 4 374 4 411 4 412 4 416 4 433 4 447 4 451 4 473 4 477 4 488 4 496 4 510 4 526 4 528 4 7 3 9 3 173 3 214 3 253 3 257 3 270 3 271 3 272 3 277 3 285 3 324 3 340 3 387 3 428 3 214 4 590 4 605 4 612 4
5 93 1 98 1 116 1 510 1 545 1
0
0
0
0
0
0
0
1 203 1
0
0
0
0
0
0
0
1 29 1
0
0
0
0
0
0
0
1 488 1
0
0
0
0
0
0
0
1 179 1
0
0
0
0
0
0
0
1 481 1
0
0
0
0
0
0
0
1 428 1
0
0
0
0
0
0
0
1 517 1
0
0
0
0
0
0
0
1 38 1
0
0
0
0
0
0
0
1 394 1
0
0
0
0
0
0
0
1 515 1
0
0
0
0
0
0
0
1 500 1
0
0
0
0
0
0
0
1 315 1
0
0
0
