52 34 2 37 2 46 4 53 4 70 4 76 4 92 4 104 4 126 4 156 4 164 4 174 2 182 4 207 4 213 4 214 2 216 4 218 4 222 2 237 4 241 4 249 4 261 4 263 4 269 4 276 2 281 2 283 2 315 4 317 4 343 2 360 4 447 4 484 2 488 4 496 4 497 4 510 4 519 3 528 4 173 3 214 3 231 3 257 3 270 3 276 3 283 3 343 3 91 4 214 4 389 2 590 4
1 33 1
0
1 39 1
0
0
0
1 52 1
0
1 316 1
0
0
0
1 111 1
0
1 488 1
0
0
0
1 123 1
0
1 205 1
0
0
0
1 36 1
0
1 535 1
0
0
0
1 372 1
0
1 53 1
0
0
0
1 457 1
0
1 46 1
0
0
0
1 394 1
0
0
0
0
0
0
0
0
0
0
0
0
0
0
0
0
0
0
0
0
0
0
0
0
0
0
0
0
0
0
0
0
0
0
0
0
0
0
0
0
0
0
0
0
0
0
0
0
0
0
0
0
0
0
0
0
0
