72 34 4 36 4 38 4 89 4 90 4 91 4 92 4 99 4 102 4 104 4 117 4 156 4 157 4 164 4 15 4 103 2 168 4 173 4 174 4 182 4 185 2 188 4 189 4 203 4 207 4 213 4 214 4 216 4 218 4 228 2 237 4 241 4 246 2 249 4 251 2 157 2 253 2 263 4 290 4 317 4 332 4 34 3 38 3 102 3 157 3 164 3 173 3 189 3 203 3 207 3 214 3 201 4 310 2 363 4 421 4 426 2 445 4 446 4 389 3 414 3 179 2 29 2 203 2 262 2 468 4 496 4 497 4 515 2 523 4 253 3 446 3 590 4
2 10 1 28 1
0
0
1 45 1
1 45 1
0
1 310 1
0
1 222 1
0
0
2 222 1 189 1
0
0
3 45 1 189 1 222 1
0
1 91 1
2 91 1 523 1
1 91 1
0
1 154 1
0
1 389 1
1 28 1
2 28 1 189 1
2 414 1 426 1
0
0
2 426 1 414 1
0
1 163 1
0
1 163 1
2 163 1 91 1
0
0
2 89 1 163 1
0
0
2 89 1 90 1
1 89 1
0
0
0
1 90 1
0
0
0
1 90 1
0
0
0
0
0
0
0
0
0
0
0
0
0
0
0
0
0
0
0
0
0
0
0
0
0
0
0
0
0
0
0
0
0
0
0
0
0
0
0
0
0
0
0
0
0
0
0
0
0
0
0
