63 46 4 53 4 63 4 70 4 76 4 89 4 92 4 104 4 126 4 156 4 157 4 164 4 182 4 207 4 213 4 216 4 218 4 237 4 241 4 249 4 261 4 263 4 269 4 280 4 307 3 315 4 317 4 339 4 360 4 374 4 398 4 411 4 416 4 444 4 447 4 479 4 488 4 490 4 496 4 497 4 503 4 510 4 519 3 523 4 526 4 528 4 7 3 9 3 67 3 173 3 214 3 231 3 257 3 270 3 276 3 283 3 335 3 343 3 442 3 91 4 214 4 590 4 612 4
5 33 1 39 1 52 1 316 1 359 1
0
1 39 1
0
0
0
1 52 1
0
1 316 1
0
0
0
1 111 1
0
1 488 1
0
1 292 1
0
0
1 123 1
0
0
1 205 1
0
0
0
0
1 36 1
0
0
1 535 1
0
0
0
0
0
0
1 372 1
0
0
0
0
1 53 1
0
0
0
0
0
0
1 457 1
0
0
0
0
1 46 1
0
0
0
0
0
0
1 394 1
0
0
0
0
0
0
0
0
0
0
0
0
0
0
0
0
0
0
0
0
0
0
0
0
0
0
0
0
0
0
0
0
0
0
0
0
0
0
