49 14 4 15 4 57 4 58 4 59 4 63 4 70 4 91 4 92 4 104 4 127 4 156 4 164 4 182 4 206 4 207 4 213 4 216 4 218 4 237 4 240 4 249 4 258 4 263 4 269 4 291 4 308 3 332 4 374 4 404 4 416 4 447 4 496 4 503 4 514 4 518 3 525 4 173 3 196 3 214 3 231 3 270 3 276 3 282 3 335 3 343 3 401 3 214 4 590 4
5 33 1 39 1 55 1 224 1 346 1
0
0
0
1 39 1
0
1 55 1
0
0
0
1 346 1
0
1 116 1
0
0
0
1 534 1
0
0
1 210 1
0
0
0
0
1 352 1
0
0
1 279 1
0
0
0
0
1 453 1
0
0
1 163 1
0
1 227 1
0
0
0
0
0
0
1 401 1
0
0
0
0
1 514 1
0
0
0
0
0
0
1 14 1
0
0
0
0
1 56 1
0
0
0
0
0
0
0
0
0
0
0
0
0
0
0
0
0
0
0
0
0
0
0
0
0
0
0
0
0
0
0
0
0
0
0
0
0
0
