39 46 4 57 4 70 4 85 4 86 4 91 4 92 4 104 4 156 4 164 4 182 4 207 4 213 4 216 4 218 4 237 4 240 4 241 4 247 4 249 4 263 4 317 4 332 4 371 4 416 4 496 4 514 4 526 4 528 4 555 4 173 3 214 3 253 3 270 3 304 3 343 3 387 3 214 4 590 4
4 33 1 43 1 44 1 316 1
0
0
0
1 316 1
0
0
1 44 1
0
0
0
1 270 1
0
0
1 36 1
0
0
0
0
1 526 1
0
0
0
1 242 1
0
0
0
0
1 46 1
0
0
0
1 514 1
0
0
0
0
1 179 1
0
0
0
1 387 1
0
0
0
0
1 416 1
0
0
0
0
1 583 1
0
0
0
0
0
0
0
0
0
0
0
0
0
0
0
0
0
0
0
0
0
0
0
0
0
0
0
0
0
0
0
0
0
0
0
0
0
0
0
0
0
0
0
0
0
0
0
0
