62 34 4 36 4 38 4 63 4 89 4 90 4 91 4 92 4 99 4 102 4 104 4 117 4 156 4 157 4 164 4 15 4 168 4 173 4 174 4 182 4 188 4 189 4 203 4 207 4 213 4 214 4 216 4 218 4 237 4 241 4 249 4 263 4 290 4 317 4 332 4 34 3 38 3 102 3 157 3 164 3 173 3 189 3 203 3 207 3 214 3 201 4 363 4 416 4 421 4 444 4 445 4 446 4 389 3 414 3 468 4 482 4 496 4 497 4 523 4 253 3 446 3 590 4
8 10 1 45 1 91 1 222 1 161 1 28 1 400 1 563 1
0
0
1 45 1
1 45 1
0
1 310 1
0
1 222 1
0
0
2 222 1 189 1
0
0
3 45 1 189 1 222 1
0
1 91 1
2 91 1 523 1
1 91 1
0
1 154 1
0
1 389 1
1 28 1
2 28 1 189 1
1 328 1
0
2 414 1 426 1
0
0
0
0
2 426 1 414 1
0
1 163 1
0
1 163 1
1 163 1
0
2 163 1 91 1
0
0
0
0
2 89 1 163 1
0
1 89 1
0
1 89 1
2 90 1 89 1
1 89 1
0
0
0
0
0
1 90 1
0
0
0
1 90 1
0
0
1 90 1
0
0
0
0
0
0
0
0
0
0
0
0
0
0
0
0
0
0
0
0
0
0
0
0
0
0
0
0
0
0
0
0
0
0
0
0
