51 63 4 86 4 92 4 94 4 104 4 113 4 115 4 138 4 148 4 156 4 157 4 164 4 182 4 207 4 213 4 216 4 218 4 219 4 237 4 240 4 244 4 247 4 259 4 263 4 317 4 347 4 360 4 412 4 416 4 433 4 451 4 473 4 477 4 496 4 173 3 214 3 215 3 220 3 270 3 271 3 277 3 285 3 324 3 356 3 388 3 428 3 472 3 495 3 214 4 590 4 605 4
4 60 1 95 1 111 1 381 1
0
0
0
0
0
0
0
0
0
0
0
0
0
0
0
0
0
0
0
0
0
0
0
0
0
0
0
0
0
0
0
0
0
0
0
0
0
0
0
0
0
0
0
0
0
0
0
0
0
0
0
0
0
0
0
0
0
0
0
0
0
0
0
0
0
0
0
0
0
0
0
0
0
0
0
0
0
0
0
0
0
0
0
0
0
0
0
0
0
0
0
0
0
0
0
0
0
0
0
