43 36 2 70 4 89 4 92 4 104 4 153 4 156 4 157 4 164 4 174 2 182 4 199 2 201 4 207 4 213 4 216 4 218 4 222 2 237 4 249 4 263 4 317 2 317 4 356 2 397 4 430 4 444 4 475 2 479 4 484 2 496 4 523 4 173 3 214 3 334 3 335 3 356 3 414 3 446 3 214 4 267 4 469 2 590 4
1 33 1
0
0
1 106 1
0
0
1 28 1
0
0
1 29 1
0
0
0
1 350 1
0
0
1 189 1
0
0
1 334 1
0
0
1 479 1
0
0
0
1 157 1
0
0
1 446 1
0
0
1 201 1
0
0
1 444 1
0
0
0
1 153 1
0
0
0
0
0
0
0
0
0
0
0
0
0
0
0
0
0
0
0
0
0
0
0
0
0
0
0
0
0
0
0
0
0
0
0
0
0
0
0
0
0
0
0
0
0
0
0
0
0
0
0
0
0
0
0
0
0
0
0
0
