62 19 4 63 4 86 4 92 4 94 4 104 4 113 4 115 4 138 4 148 4 156 4 164 4 168 4 182 4 207 4 213 4 216 4 218 4 219 4 237 4 240 4 244 4 247 4 259 4 263 4 269 4 332 4 347 4 360 4 365 4 369 4 373 4 412 4 416 4 433 4 451 4 473 4 477 4 496 4 512 4 143 3 162 3 173 3 202 3 214 3 253 3 257 3 270 3 271 3 277 3 282 3 283 3 285 3 324 3 355 3 366 3 428 3 495 3 211 4 214 4 355 4 590 4
4 16 1 93 1 316 1 372 1
0
0
1 316 1
0
0
0
1 16 1
0
0
0
1 372 1
0
0
1 531 1
0
0
0
1 286 1
0
1 314 1
0
0
0
1 213 1
0
0
0
2 133 1 347 1
0
0
1 403 1
0
0
0
1 248 1
0
0
0
0
1 94 1
0
0
0
0
0
1 283 1
0
0
0
0
0
0
0
0
0
0
0
0
0
0
0
0
0
0
0
0
0
0
0
0
0
0
0
0
0
0
0
0
0
0
0
0
0
0
0
0
0
0
0
0
0
0
0
0
0
0
0
0
0
