97 6 4 34 4 36 4 38 4 55 4 61 4 63 4 85 4 87 4 92 4 99 4 102 4 104 4 117 4 129 4 130 4 156 4 164 4 29 4 46 4 111 4 138 4 168 4 171 4 173 4 174 4 182 4 189 4 192 4 196 4 197 4 203 4 207 4 213 4 214 4 216 4 218 4 231 4 237 4 241 4 244 4 247 4 85 3 15 4 91 4 148 4 240 4 259 4 263 4 269 4 289 4 290 4 332 4 351 4 352 4 34 3 38 3 102 3 111 3 129 3 138 3 164 3 173 3 189 3 196 3 203 3 207 3 214 3 244 3 363 4 369 4 371 4 373 4 399 4 416 4 421 4 445 4 180 3 253 3 282 3 387 3 402 3 441 3 29 3 468 4 496 4 497 4 514 4 526 4 171 3 231 3 289 3 304 3 343 3 399 3 492 3 590 4
7 10 1 44 1 45 1 103 1 252 1 415 1 583 1
0
0
0
0
1 44 1
0
0
1 252 1
1 44 1
1 44 1
1 44 1
0
1 154 1
0
0
2 6 1 103 1
1 6 1
0
1 6 1
0
1 185 1
0
1 103 1
2 185 1 269 1
0
0
1 129 1
1 185 1
0
0
1 408 1
0
1 103 1
0
0
2 154 1 163 1
1 103 1
0
0
0
1 154 1
0
1 417 1
0
1 154 1
0
0
2 163 1 372 1
0
1 163 1
0
1 163 1
0
1 252 1
1 445 1
0
0
1 252 1
0
2 207 1 400 1
0
0
0
1 364 1
0
0
1 364 1
0
0
0
0
0
0
0
0
0
0
0
0
0
0
0
0
0
0
0
0
0
0
0
0
0
0
0
0
0
0
0
0
