43 14 4 15 4 63 4 70 4 89 4 91 4 92 4 104 4 156 4 157 4 164 4 182 4 188 4 201 4 207 4 213 4 216 4 218 4 237 4 249 4 263 4 280 4 317 4 332 4 374 4 398 4 404 4 411 4 416 4 421 4 468 4 496 4 523 4 173 3 214 3 334 3 393 3 414 3 442 3 446 3 529 3 214 4 590 4
5 10 1 189 1 229 1 300 1 563 1
0
0
0
1 229 1
0
0
1 189 1
0
0
0
1 154 1
0
0
1 232 1
0
0
0
1 91 1
0
0
1 468 1
0
0
0
1 163 1
0
0
1 157 1
0
1 32 1
0
0
0
0
1 89 1
0
0
0
0
0
1 14 1
0
0
0
0
0
0
1 201 1
0
0
0
0
0
1 529 1
0
0
0
0
0
0
1 90 1
0
0
0
0
0
0
0
0
0
0
0
0
0
0
0
0
0
0
0
0
0
0
0
0
0
0
0
0
0
0
0
0
0
0
0
0
0
0
