85 53 4 57 4 58 4 59 4 63 4 76 4 85 4 86 4 87 4 91 4 92 4 94 4 104 4 113 4 115 4 126 4 133 2 138 4 148 4 156 4 164 4 182 4 186 2 207 4 213 4 214 2 215 2 216 4 218 4 219 4 227 2 237 4 240 4 241 4 244 4 247 4 263 4 273 2 281 2 347 4 361 2 374 4 381 2 433 4 447 4 451 4 473 4 477 4 496 4 497 4 510 4 514 4 516 2 526 4 528 4 7 3 8 3 9 3 67 3 173 3 196 3 214 3 215 3 220 3 231 3 253 3 270 3 272 3 277 3 282 3 285 3 289 3 304 3 324 3 343 3 356 3 387 3 409 3 428 3 495 3 214 4 577 2 590 4 605 4 612 4
5 1 1 45 1 270 1 387 1 589 1
0
0
0
1 287 1
0
0
0
0
1 3 1
0
0
0
0
1 213 1
0
0
0
0
1 290 1
0
0
0
0
1 494 1
0
0
0
0
1 36 1
0
0
0
0
1 505 1
0
0
0
0
1 495 1
0
0
0
0
1 493 1
0
0
0
0
1 38 1
0
0
0
0
1 387 1
0
0
0
0
0
0
0
0
0
0
0
0
0
0
0
0
0
0
0
0
0
0
0
0
0
0
0
0
0
0
0
0
0
0
0
0
0
0
0
0
0
0
0
0
0
