53 57 4 63 4 70 4 89 4 91 4 92 4 104 4 156 4 157 4 164 4 182 4 188 4 207 4 213 4 216 4 218 4 237 4 240 4 249 4 258 4 263 4 280 4 317 4 371 4 374 4 398 4 411 4 416 4 447 4 474 4 482 4 496 4 497 4 503 4 523 4 8 3 67 3 173 3 196 3 214 3 253 3 282 3 283 3 304 3 340 3 380 3 409 3 414 3 446 3 214 4 590 4 611 4 612 4
4 45 1 48 1 145 1 496 1
0
0
0
1 48 1
0
0
0
1 496 1
0
0
1 61 1
0
0
0
1 341 1
0
0
0
1 392 1
0
0
1 253 1
0
0
0
0
1 330 1
0
0
0
0
1 240 1
0
0
1 51 1
0
0
1 175 1
0
0
0
0
1 409 1
0
0
0
0
1 497 1
0
0
0
1 56 1
0
0
0
0
0
1 304 1
0
0
0
0
0
0
0
0
0
0
0
0
0
0
0
0
0
0
0
0
0
0
0
0
0
0
0
0
0
0
0
0
0
0
0
0
0
0
0
0
0
