53 14 4 15 4 63 4 76 4 92 4 104 4 113 4 115 4 138 4 148 4 156 4 164 4 182 4 206 4 207 4 213 4 216 4 218 4 219 4 237 4 241 4 263 4 332 4 347 4 371 4 398 4 404 4 412 4 416 4 421 4 447 4 468 4 496 4 514 4 522 4 173 3 202 3 214 3 215 3 235 3 270 3 277 3 282 3 324 3 334 3 388 3 402 3 450 3 527 3 211 4 214 4 267 4 590 4
5 33 1 75 1 81 1 206 1 450 1
0
0
0
0
0
0
1 450 1
0
0
0
0
0
0
1 75 1
0
0
0
0
0
0
1 522 1
0
0
0
0
0
0
1 163 1
0
0
1 270 1
0
1 565 1
0
1 348 1
0
0
1 404 1
0
0
0
1 494 1
0
0
1 14 1
0
0
0
1 437 1
0
0
0
0
0
0
0
0
0
0
0
0
0
0
0
0
0
0
0
0
0
0
0
0
0
0
0
0
0
0
0
0
0
0
0
0
0
0
0
0
0
0
0
0
0
0
0
0
0
0
