44 14 4 15 4 63 4 70 4 76 4 89 4 91 4 92 4 104 4 156 4 157 4 164 4 182 4 188 4 207 4 213 4 216 4 218 4 237 4 241 4 249 4 263 4 317 4 360 4 371 4 398 4 404 4 416 4 474 4 496 4 522 4 523 4 173 3 214 3 231 3 276 3 283 3 289 3 334 3 401 3 450 3 214 4 590 4 611 4
5 40 1 103 1 111 1 205 1 224 1
0
0
0
1 40 1
0
0
1 103 1
0
0
0
1 228 1
0
0
1 182 1
0
0
0
1 342 1
0
0
0
1 450 1
0
0
0
0
1 474 1
0
1 226 1
0
0
1 97 1
0
0
0
0
0
1 537 1
0
0
0
0
1 92 1
0
0
1 599 1
0
0
1 431 1
0
0
0
0
1 38 1
0
0
0
0
0
0
0
0
0
1 224 1
0
0
0
0
0
0
0
0
0
0
0
0
0
0
0
0
0
0
0
0
0
0
0
0
0
0
0
0
0
0
0
0
0
0
0
