44 76 4 92 4 104 4 138 4 148 4 156 4 164 4 182 4 207 4 213 4 216 4 218 4 219 4 227 2 237 4 241 4 251 2 262 2 263 4 269 4 313 2 320 2 321 2 363 2 388 2 412 4 415 2 447 4 496 4 173 3 202 3 214 3 270 3 282 3 283 3 343 3 366 3 388 3 402 3 214 4 267 4 445 2 590 4 605 4
2 71 1 584 1
0
0
1 74 1
0
0
0
1 73 1
0
1 78 1
0
0
1 72 1
0
0
0
1 178 1
0
1 75 1
0
0
1 77 1
0
0
0
1 202 1
0
1 204 1
0
0
1 270 1
0
0
0
1 412 1
0
1 538 1
0
0
1 241 1
0
0
0
1 283 1
0
1 76 1
0
0
0
0
0
0
0
0
0
0
0
0
0
0
0
0
0
0
0
0
0
0
0
0
0
0
0
0
0
0
0
0
0
0
0
0
0
0
0
0
0
0
0
0
0
0
0
0
0
0
0
0
0
0
