42 15 4 76 4 92 4 104 4 117 2 138 4 148 4 156 4 164 4 182 4 203 2 204 2 207 4 213 4 216 4 218 4 219 4 230 2 237 4 241 4 263 4 275 2 320 2 361 2 363 2 388 2 412 4 447 4 496 4 173 3 202 3 214 3 215 3 235 3 270 3 343 3 388 3 402 3 495 3 214 4 267 4 590 4
1 71 1
0
0
1 74 1
0
0
0
1 73 1
0
1 79 1
0
0
1 72 1
0
0
0
1 235 1
0
1 345 1
0
0
1 78 1
0
0
0
1 202 1
0
1 312 1
0
0
1 270 1
0
0
0
1 412 1
0
1 494 1
0
0
1 241 1
0
0
0
1 495 1
0
1 437 1
0
0
0
0
0
0
0
0
0
0
0
0
0
0
0
0
0
0
0
0
0
0
0
0
0
0
0
0
0
0
0
0
0
0
0
0
0
0
0
0
0
0
0
0
0
0
0
0
0
0
0
0
0
0
