41 15 4 57 4 58 4 61 2 92 4 97 2 99 2 104 4 127 4 129 2 156 4 164 4 182 4 207 4 213 4 216 4 218 4 237 4 240 4 250 2 258 4 263 4 269 4 279 2 291 4 330 2 341 2 362 2 496 4 503 4 173 3 196 3 214 3 253 3 276 3 283 3 340 3 401 3 428 3 214 4 590 4
5 33 1 55 1 37 1 39 1 175 1
0
0
1 253 1
0
0
1 29 1
0
0
1 44 1
0
0
1 453 1
0
0
1 498 1
0
0
0
1 36 1
0
0
0
1 242 1
0
0
0
1 401 1
0
0
0
1 487 1
0
0
0
1 38 1
0
0
0
0
1 184 1
0
0
0
0
1 175 1
0
0
0
1 515 1
1 515 1
0
0
0
0
1 37 1
0
0
0
0
0
0
0
0
0
0
0
0
0
0
0
0
0
0
0
0
0
0
0
0
0
0
0
0
0
0
0
0
0
0
0
0
0
0
0
0
0
0
0
0
