56 15 4 38 2 46 4 68 2 89 4 91 4 92 4 104 4 116 2 156 4 157 4 164 4 168 4 182 4 188 4 201 4 207 4 212 2 213 4 216 4 218 4 228 2 237 4 251 2 253 2 259 4 263 4 269 4 317 4 371 4 373 4 422 2 424 2 431 2 444 4 468 4 496 4 510 4 514 4 523 4 555 4 173 3 180 3 214 3 231 3 253 3 289 3 399 3 401 3 414 3 446 3 492 3 214 4 382 2 399 4 590 4
2 43 1 99 1
0
0
1 44 1
0
0
1 28 1
0
0
1 259 1
0
0
1 328 1
0
0
1 372 1
0
0
1 189 1
0
0
1 373 1
0
0
1 207 1
0
0
1 242 1
0
0
1 91 1
0
0
1 184 1
0
0
1 492 1
0
0
1 201 1
0
0
1 89 1
0
0
1 37 1
0
0
0
0
0
0
0
0
0
0
0
0
0
0
0
0
0
0
0
0
0
0
0
0
0
0
0
0
0
0
0
0
0
0
0
0
0
0
0
0
0
0
0
0
0
0
0
0
0
0
0
0
0
0
