56 46 4 53 4 63 4 70 4 76 4 89 4 91 4 92 4 94 4 104 4 126 4 156 4 157 4 164 4 168 4 182 4 207 4 213 4 216 4 218 4 237 4 241 4 249 4 259 4 261 4 263 4 269 4 280 4 315 4 317 4 339 4 360 4 369 4 371 4 374 4 411 4 416 4 444 4 447 4 479 4 488 4 496 4 510 4 523 4 526 4 7 3 173 3 214 3 253 3 257 3 276 3 283 3 428 3 214 4 590 4 612 4
4 33 1 99 1 205 1 510 1
0
1 205 1
0
0
1 510 1
0
0
1 99 1
0
1 424 1
0
0
1 29 1
0
0
2 207 1 253 1
0
1 263 1
0
0
1 7 1
0
0
1 526 1
0
1 37 1
0
0
1 187 1
0
0
1 394 1
0
1 359 1
0
0
0
1 269 1
0
0
0
0
0
0
0
1 276 1
0
0
0
0
0
0
1 315 1
0
0
0
0
0
0
0
0
0
0
0
0
0
0
0
0
0
0
0
0
0
0
0
0
0
0
0
0
0
0
0
0
0
0
0
0
0
0
0
0
0
0
0
0
0
0
