45 73 2 76 4 92 4 104 4 156 4 164 4 182 4 191 2 207 4 213 4 216 4 218 4 219 4 237 4 241 4 263 4 320 2 331 2 332 4 340 2 388 2 398 4 402 2 412 4 447 4 452 2 496 4 173 3 202 3 214 3 235 3 253 3 270 3 282 3 283 3 304 3 340 3 388 3 402 3 409 3 495 3 214 4 267 4 580 2 590 4
4 64 1 71 1 495 1 538 1
0
1 230 1
0
0
1 74 1
0
0
0
1 42 1
0
0
1 72 1
0
1 235 1
0
0
1 178 1
0
0
0
1 302 1
0
0
0
1 202 1
0
0
1 367 1
0
0
0
1 275 1
0
0
0
0
1 80 1
0
0
0
1 389 1
0
0
1 241 1
0
0
1 572 1
0
1 76 1
0
0
0
0
1 538 1
0
1 495 1
0
0
0
0
0
0
0
0
0
0
0
0
0
0
0
0
0
0
0
0
0
0
0
0
0
0
0
0
0
0
0
0
0
0
0
0
0
0
0
0
0
0
0
