44 14 4 15 4 63 4 70 4 76 4 89 4 91 4 92 4 104 4 156 4 157 4 164 4 182 4 201 4 207 4 213 4 216 4 218 4 237 4 249 4 263 4 317 4 332 4 397 4 398 4 404 4 416 4 421 4 444 4 468 4 479 4 496 4 522 4 523 4 173 3 214 3 282 3 334 3 335 3 446 3 450 3 214 4 267 4 590 4
4 28 1 110 1 350 1 504 1
0
0
0
1 350 1
0
1 110 1
0
0
0
1 28 1
0
1 185 1
0
0
0
1 479 1
0
1 397 1
0
0
0
1 450 1
1 446 1
0
0
0
0
1 157 1
0
1 163 1
0
0
0
0
0
0
1 404 1
0
0
0
0
1 504 1
0
0
0
0
0
0
1 175 1
0
0
0
0
1 439 1
0
0
0
0
0
0
0
0
0
0
0
0
0
0
0
0
0
0
0
0
0
0
0
0
0
0
0
0
0
0
0
0
0
0
0
0
0
0
0
0
0
0
0
0
0
