74 7 2 8 2 9 2 46 4 68 2 70 4 91 4 92 4 104 4 133 2 156 4 157 4 164 4 182 4 185 2 188 4 197 2 207 4 213 4 216 4 218 4 237 4 240 4 241 4 249 4 252 2 259 4 263 4 269 4 280 4 317 4 337 4 339 4 349 2 371 4 374 4 398 4 409 2 411 4 428 2 444 4 447 4 479 4 490 4 496 4 510 4 514 4 525 4 526 4 555 4 7 3 8 3 9 3 67 3 162 3 173 3 180 3 214 3 231 3 282 3 289 3 334 3 399 3 406 3 409 3 428 3 442 3 492 3 530 3 214 4 399 4 501 2 590 4 612 4
2 43 1 67 1
0
0
0
1 28 1
0
0
0
1 185 1
0
0
1 29 1
0
0
0
1 207 1
0
0
0
1 280 1
0
0
1 371 1
0
0
0
1 498 1
0
0
0
1 136 1
0
0
1 184 1
0
0
0
1 242 1
0
0
0
1 263 1
0
0
1 431 1
0
0
1 264 1
1 264 1
1 457 1
0
0
1 457 1
0
0
0
0
0
0
0
0
0
0
0
0
0
0
0
0
0
0
0
0
0
0
0
0
0
0
0
0
0
0
0
0
0
0
0
0
0
0
0
0
0
0
0
0
0
0
0
