126 5 4 6 4 25 4 34 4 36 4 38 4 66 4 68 4 69 4 70 4 85 4 87 4 91 4 92 4 99 4 102 4 104 4 117 4 118 4 129 4 130 4 156 4 157 4 164 4 7 4 8 4 9 4 29 4 68 2 96 2 111 4 157 2 168 4 173 4 174 4 179 2 182 4 189 4 193 2 197 4 203 4 207 4 213 4 214 4 216 4 218 4 223 4 231 4 237 4 241 4 244 4 249 4 251 2 85 3 89 4 240 4 263 4 264 4 265 2 269 4 279 2 280 4 290 4 315 4 317 4 332 4 339 4 5 3 7 3 8 3 9 3 25 3 34 3 38 3 68 3 69 3 102 3 111 3 118 3 129 3 157 3 164 3 173 3 189 3 203 3 207 3 214 3 223 3 244 3 363 4 369 4 370 2 371 4 374 4 398 4 411 4 431 4 445 4 180 3 200 3 253 3 270 3 283 3 402 3 410 3 441 3 29 3 67 3 227 2 272 3 214 2 264 2 468 4 479 4 490 4 496 4 512 4 514 4 523 4 526 4 231 3 343 3 530 3 400 2 590 4 612 4
5 10 1 43 1 67 1 116 1 343 1
0
0
0
0
1 67 1
0
0
2 67 1 154 1
0
1 2 1
0
1 2 1
0
1 2 1
1 154 1
1 69 1
0
0
0
3 154 1 116 1 103 1
0
0
0
1 372 1
1 69 1
1 116 1
0
0
0
1 238 1
0
2 69 1 207 1
0
0
1 207 1
1 238 1
0
2 37 1 238 1
0
2 103 1 37 1
0
0
0
2 103 1 386 1
1 37 1
0
0
1 370 1
0
1 37 1
0
1 515 1
0
0
0
0
0
0
0
0
0
0
0
0
0
0
0
0
0
0
0
0
0
0
0
0
0
0
0
0
0
0
0
0
0
0
0
0
0
0
0
0
0
0
0
0
0
0
0
