56 50 2 92 4 94 4 104 4 138 4 148 4 156 4 164 4 168 4 171 2 182 4 203 2 207 4 213 4 216 4 218 4 219 4 237 4 240 4 244 4 247 4 261 4 262 2 263 4 286 2 313 2 347 4 371 4 373 4 377 2 412 4 417 2 433 4 477 4 496 4 173 3 180 3 214 3 220 3 271 3 272 3 277 3 282 3 285 3 289 3 334 3 335 3 399 3 472 3 495 3 214 4 390 2 399 4 502 2 590 4 611 4
2 182 1 310 1
0
0
0
1 50 1
0
0
0
1 114 1
0
0
0
1 101 1
0
0
0
1 506 1
0
0
0
1 261 1
0
0
0
1 466 1
0
0
0
1 174 1
0
0
0
2 470 1 471 1
0
0
0
1 247 1
0
0
0
1 288 1
0
0
0
1 212 1
0
0
0
1 194 1
0
0
0
0
0
0
0
0
0
0
0
0
0
0
0
0
0
0
0
0
0
0
0
0
0
0
0
0
0
0
0
0
0
0
0
0
0
0
0
0
0
0
0
0
0
0
0
0
0
0
0
