58 15 4 19 4 46 4 63 4 89 4 91 4 92 4 104 4 156 4 157 4 164 4 182 4 201 4 207 4 213 4 216 4 218 4 237 4 249 4 259 4 263 4 269 4 317 4 332 4 337 4 365 4 369 4 397 4 411 4 416 4 421 4 444 4 468 4 479 4 496 4 512 4 523 4 525 4 143 3 173 3 200 3 214 3 231 3 253 3 257 3 283 3 334 3 340 3 355 3 366 3 401 3 406 3 414 3 446 3 211 4 214 4 355 4 590 4
4 17 1 43 1 88 1 98 1
0
0
0
1 88 1
0
0
1 104 1
0
0
1 184 1
0
0
0
1 365 1
0
0
1 246 1
0
0
1 97 1
0
0
0
1 501 1
0
0
1 512 1
0
0
1 225 1
0
0
0
1 242 1
0
0
0
0
1 283 1
0
0
0
0
1 369 1
0
0
0
0
0
1 157 1
0
0
0
0
1 337 1
0
0
0
0
1 37 1
0
0
0
0
0
0
0
0
0
0
0
0
0
0
0
0
0
0
0
0
0
0
0
0
0
0
0
0
0
0
0
0
0
0
0
0
0
0
0
