42 28 2 92 4 104 4 114 2 120 2 153 4 156 4 164 4 168 4 174 2 182 4 188 4 191 2 205 2 207 4 213 4 216 4 218 4 237 4 240 4 241 4 263 4 300 2 350 2 371 4 474 4 482 4 496 4 173 3 180 3 202 3 214 3 220 3 278 3 399 3 402 3 409 3 441 3 214 4 399 4 590 4 611 4
2 1 1 139 1
0
1 278 1
0
0
0
1 390 1
0
0
0
0
1 491 1
0
1 3 1
0
0
0
1 124 1
0
0
0
0
2 254 1 256 1
0
1 36 1
0
0
0
1 188 1
0
0
0
0
1 499 1
0
1 92 1
0
0
0
1 133 1
0
1 562 1
0
0
1 441 1
0
1 153 1
0
0
0
0
0
0
0
0
0
0
0
0
0
0
0
0
0
0
0
0
0
0
0
0
0
0
0
0
0
0
0
0
0
0
0
0
0
0
0
0
0
0
0
0
0
0
0
0
0
0
0
0
0
