57 14 4 15 4 46 4 53 4 63 4 91 4 92 4 104 4 156 4 164 4 168 4 182 4 207 4 213 4 216 4 218 4 237 4 240 4 241 4 244 4 247 4 249 4 259 4 263 4 269 4 332 4 347 4 369 4 371 4 373 4 374 4 411 4 416 4 421 4 447 4 468 4 490 4 496 4 510 4 514 4 555 4 67 3 173 3 180 3 214 3 253 3 271 3 282 3 289 3 304 3 340 3 343 3 399 3 492 3 214 4 399 4 590 4
7 10 1 43 1 228 1 369 1 468 1 286 1 539 1
0
0
0
1 228 1
0
0
0
1 468 1
0
0
0
1 154 1
0
0
0
1 185 1
0
0
0
1 184 1
0
0
0
1 269 1
0
0
0
1 492 1
1 400 1
0
0
0
1 259 1
0
0
0
0
1 97 1
0
0
0
0
1 373 1
0
0
0
0
1 386 1
0
0
0
0
1 417 1
0
0
0
0
1 286 1
0
0
0
0
1 539 1
0
0
0
0
0
0
0
0
0
0
0
0
0
0
0
0
0
0
0
0
0
0
0
0
0
0
0
0
0
0
0
0
0
0
0
0
