51 39 2 85 4 86 4 91 4 92 4 104 4 156 4 164 4 168 4 175 2 182 4 189 2 203 2 207 4 213 4 214 2 216 4 218 4 219 4 231 2 237 4 240 4 241 4 263 4 282 2 313 2 347 4 369 4 374 4 401 2 447 4 496 4 497 4 514 4 526 4 173 3 214 3 231 3 253 3 270 3 282 3 304 3 343 3 387 3 401 3 402 3 441 3 495 3 214 4 590 4 605 4
1 1 1
0
2 45 1 608 1
0
0
0
1 270 1
0
1 321 1
0
0
0
1 3 1
0
1 227 1
0
0
0
1 129 1
0
1 47 1
0
0
0
1 541 1
0
1 204 1
0
0
0
1 358 1
0
1 497 1
0
0
0
1 21 1
0
1 445 1
0
0
0
1 304 1
0
1 387 1
0
0
0
1 495 1
0
0
0
0
0
0
0
0
0
0
0
0
0
0
0
0
0
0
0
0
0
0
0
0
0
0
0
0
0
0
0
0
0
0
0
0
0
0
0
0
0
0
0
0
0
0
0
0
0
0
0
