47 63 4 85 4 86 4 87 4 91 4 92 4 104 4 113 4 156 4 164 4 182 4 207 4 213 4 216 4 218 4 219 4 237 4 240 4 241 4 263 4 347 4 369 4 374 4 411 4 416 4 447 4 496 4 497 4 514 4 526 4 168 4 173 3 214 3 231 3 253 3 270 3 282 3 304 3 343 3 387 3 401 3 402 3 441 3 495 3 214 4 590 4 605 4
6 47 1 270 1 321 1 331 1 350 1 541 1
0
0
0
0
0
0
0
0
0
0
0
0
0
0
0
0
0
0
0
0
0
0
0
0
0
0
0
0
0
0
0
0
0
0
0
0
0
0
0
0
0
0
0
0
0
0
0
0
0
0
0
0
0
0
0
0
0
0
0
0
0
0
0
0
0
0
0
0
0
0
0
0
0
0
0
0
0
0
0
0
0
0
0
0
0
0
0
0
0
0
0
0
0
0
0
0
0
0
0
