59 86 4 87 4 92 4 94 4 101 2 104 4 109 2 113 4 115 4 138 4 148 4 151 2 153 4 156 4 157 4 164 4 182 4 207 4 213 4 216 4 218 4 219 4 237 4 240 4 244 4 247 4 263 4 271 2 286 2 290 2 310 2 317 4 347 4 360 4 373 4 412 4 430 4 433 4 473 4 477 4 496 4 173 3 214 3 220 3 271 3 272 3 277 3 283 3 285 3 289 3 324 3 356 3 428 3 472 3 495 3 214 4 270 2 590 4 611 4
1 149 1
0
1 115 1
0
0
0
1 205 1
0
0
1 289 1
0
0
0
1 237 1
0
1 113 1
0
0
1 204 1
0
0
0
0
1 105 1
1 473 1
0
0
1 283 1
0
0
1 248 1
0
1 220 1
0
0
0
1 94 1
0
0
1 285 1
0
0
0
0
0
1 377 1
0
1 472 1
0
0
0
0
0
0
0
0
0
0
0
0
0
0
0
0
0
0
0
0
0
0
0
0
0
0
0
0
0
0
0
0
0
0
0
0
0
0
0
0
0
0
0
0
0
0
0
0
0
0
0
0
