40 16 2 19 4 57 4 58 4 92 4 104 4 119 2 156 4 164 4 182 4 207 4 211 2 213 4 216 4 218 4 237 4 240 4 258 4 263 4 291 4 314 2 332 4 362 2 365 4 381 2 382 2 496 4 503 4 173 3 196 3 214 3 253 3 283 3 355 3 366 3 211 4 214 4 300 2 355 4 590 4
1 55 1
0
1 346 1
0
0
1 432 1
0
0
1 17 1
0
0
0
1 352 1
0
1 332 1
0
0
0
1 61 1
0
1 297 1
0
0
1 392 1
0
0
1 403 1
0
0
1 355 1
0
0
0
1 240 1
0
0
1 366 1
0
0
0
1 413 1
0
0
0
0
1 542 1
0
0
0
0
0
0
0
0
0
0
0
0
0
0
0
0
0
0
0
0
0
0
0
0
0
0
0
0
0
0
0
0
0
0
0
0
0
0
0
0
0
0
0
0
0
0
0
0
0
0
0
0
0
0
