33 58 4 59 4 63 4 92 4 104 4 113 4 153 4 156 4 164 4 182 4 207 4 213 4 216 4 218 4 237 4 240 4 258 4 263 4 269 4 416 4 430 4 496 4 524 4 173 3 196 3 214 3 253 3 277 3 324 3 334 3 393 3 214 4 590 4
7 106 1 253 1 310 1 311 1 333 1 329 1 573 1
0
0
1 106 1
0
0
1 310 1
0
0
1 253 1
0
0
1 196 1
0
0
1 54 1
0
0
1 419 1
0
0
1 269 1
0
0
0
1 429 1
0
0
0
0
1 151 1
0
0
0
0
1 58 1
0
0
0
0
0
1 258 1
0
0
0
0
0
0
0
1 243 1
0
0
0
0
0
0
0
0
1 59 1
0
0
0
0
0
0
0
1 329 1
0
0
0
0
0
0
0
0
0
0
0
0
0
0
0
0
0
0
0
0
0
0
0
0
0
0
0
0
0
0
0
0
0
