46 76 4 86 4 92 4 97 2 104 4 113 4 148 4 156 4 164 4 182 4 207 4 213 4 214 2 216 4 218 4 219 4 226 2 235 2 237 4 240 4 241 4 247 4 263 4 313 2 316 2 320 2 363 2 388 2 412 4 447 4 496 4 497 4 514 4 526 4 528 4 173 3 202 3 214 3 235 3 340 3 387 3 388 3 402 3 214 4 267 4 590 4
2 33 1 293 1
0
0
1 45 1
0
0
1 28 1
0
0
1 24 1
0
0
1 73 1
0
0
1 185 1
0
0
0
1 36 1
0
0
0
1 26 1
0
0
0
1 312 1
0
0
0
1 412 1
0
0
0
1 204 1
0
0
0
0
1 267 1
0
0
0
0
1 38 1
0
0
0
0
1 76 1
0
0
0
0
0
0
0
0
0
0
0
0
0
0
0
0
0
0
0
0
0
0
0
0
0
0
0
0
0
0
0
0
0
0
0
0
0
0
0
0
0
0
0
0
0
0
0
0
0
