35 14 4 15 4 63 4 92 4 104 4 156 4 164 4 182 4 206 4 207 4 213 4 216 4 218 4 237 4 240 4 249 4 263 4 332 4 398 4 404 4 411 4 412 4 416 4 496 4 522 4 173 3 202 3 214 3 282 3 334 3 442 3 450 3 214 4 590 4 611 4
6 41 1 43 1 64 1 501 1 38 1 565 1
0
0
1 43 1
0
0
0
1 501 1
0
0
0
0
1 41 1
0
0
1 31 1
0
0
0
1 29 1
0
0
0
0
1 206 1
0
0
1 405 1
0
0
0
1 163 1
0
0
0
0
1 442 1
0
0
1 334 1
0
0
0
1 404 1
0
0
0
0
1 179 1
0
0
1 14 1
0
0
0
1 416 1
0
0
0
1 565 1
0
0
0
0
0
0
0
0
0
0
0
0
0
0
0
0
0
0
0
0
0
0
0
0
0
0
0
0
0
0
0
0
0
0
0
0
0
0
0
0
