76 34 4 36 4 38 4 63 4 82 4 91 4 92 4 99 4 100 4 102 4 104 4 115 4 117 4 126 4 129 4 130 4 156 4 164 4 29 4 46 4 173 4 174 4 182 4 203 4 207 4 213 4 214 4 216 4 218 4 225 4 231 4 237 4 241 4 249 4 53 3 53 4 70 4 168 4 263 4 290 4 315 4 332 4 34 3 38 3 102 3 129 3 164 3 173 3 203 3 207 3 214 3 76 4 261 4 363 4 406 4 416 4 431 4 445 4 189 3 257 3 270 3 442 3 29 3 219 4 488 4 496 4 510 4 514 4 523 4 528 4 555 4 200 3 231 3 343 3 406 3 590 4
9 36 1 43 1 46 1 52 1 172 1 44 1 316 1 422 1 424 1
0
0
0
0
0
0
0
0
0
0
0
0
0
0
0
0
0
0
0
0
0
0
0
0
0
0
0
0
0
0
0
0
1 245 1
0
0
0
0
1 245 1
0
0
0
0
0
0
0
0
0
1 245 1
1 245 1
0
0
0
0
0
0
0
0
0
0
0
0
0
0
0
0
0
0
0
0
0
0
0
0
0
0
0
0
0
0
0
0
0
0
0
0
0
0
0
0
0
0
0
0
0
0
0
0
0
0
