35 63 4 76 4 92 4 104 4 148 4 156 4 164 4 182 4 188 4 207 4 213 4 216 4 218 4 237 4 240 4 241 4 263 4 371 4 412 4 416 4 447 4 474 4 496 4 173 3 202 3 214 3 235 3 380 3 388 3 402 3 492 3 495 3 214 4 267 4 590 4
4 71 1 74 1 117 1 310 1
0
0
0
0
1 74 1
0
1 310 1
0
0
0
1 117 1
0
0
1 72 1
0
0
1 275 1
0
1 185 1
0
0
0
1 230 1
0
0
0
1 202 1
0
0
0
1 92 1
0
0
1 235 1
0
0
0
0
0
0
0
1 499 1
0
0
0
0
0
1 76 1
0
0
0
0
1 476 1
0
0
0
0
0
0
0
1 147 1
0
0
0
0
0
0
0
0
0
0
0
0
0
0
0
0
0
0
0
0
0
0
0
0
0
0
0
0
0
0
0
0
0
0
0
0
0
0
