52 54 2 57 4 58 4 59 4 92 4 94 4 104 4 105 2 109 2 127 4 132 2 138 4 148 4 151 2 156 4 164 4 182 4 188 4 207 4 213 4 216 4 218 4 219 4 220 2 237 4 240 4 244 4 247 4 258 4 261 4 263 4 269 4 291 4 412 4 433 4 482 4 496 4 503 4 20 3 173 3 180 3 196 3 202 3 214 3 220 3 271 3 277 3 399 3 214 4 399 4 590 4 605 4
2 145 1 346 1
0
0
0
1 71 1
0
0
0
1 101 1
0
0
0
1 61 1
0
0
0
1 105 1
0
0
0
0
1 352 1
0
0
0
0
1 466 1
0
0
0
0
1 362 1
0
0
0
0
1 240 1
0
0
0
0
0
1 506 1
0
0
0
0
0
1 56 1
0
0
0
0
0
1 378 1
0
0
0
0
0
1 323 1
0
0
0
0
0
0
0
0
0
0
0
0
0
0
0
0
0
0
0
0
0
0
0
0
0
0
0
0
0
0
0
0
0
0
0
0
0
0
0
