46 15 4 40 2 42 2 50 2 85 4 86 4 92 4 104 4 113 4 148 4 156 4 164 4 168 4 182 4 185 2 207 4 213 4 216 4 218 4 228 2 237 4 240 4 263 4 398 4 404 4 412 4 431 2 440 2 451 4 496 4 521 4 522 4 528 4 173 3 202 3 214 3 324 3 340 3 380 3 393 3 450 3 527 3 214 4 293 2 590 4 611 4
3 81 1 141 1 169 1
0
0
1 86 1
0
0
1 103 1
0
0
0
0
1 210 1
0
0
1 527 1
0
0
1 450 1
0
0
0
0
1 380 1
0
0
1 163 1
0
0
1 486 1
0
0
0
0
1 324 1
0
0
1 97 1
0
0
1 389 1
0
0
0
0
1 435 1
0
0
1 405 1
0
0
0
0
0
0
0
0
0
0
0
0
0
0
0
0
0
0
0
0
0
0
0
0
0
0
0
0
0
0
0
0
0
0
0
0
0
0
0
0
0
0
0
0
0
0
0
0
0
0
0
0
