48 73 2 76 4 85 4 86 4 92 4 104 4 148 4 153 4 156 4 164 4 182 4 191 2 207 4 216 4 218 4 237 4 241 4 249 4 263 4 331 2 356 2 360 4 371 4 388 2 397 4 398 4 402 2 412 4 430 4 431 2 446 2 468 4 496 4 173 3 202 3 214 3 283 3 334 3 356 3 388 3 393 3 402 3 442 3 446 3 214 4 267 4 491 2 590 4
2 33 1 106 1
0
0
0
0
1 205 1
0
0
1 174 1
0
0
0
0
1 232 1
0
0
0
1 42 1
0
0
1 360 1
0
0
0
0
1 334 1
0
0
0
1 429 1
0
0
0
0
1 275 1
0
0
1 120 1
0
0
0
0
1 442 1
0
0
0
1 371 1
0
0
0
0
1 430 1
0
0
1 153 1
0
0
0
0
0
0
0
0
0
0
0
0
0
0
0
0
0
0
0
0
0
0
0
0
0
0
0
0
0
0
0
0
0
0
0
0
0
0
0
0
0
0
0
0
0
