116 5 4 14 4 15 4 25 4 34 4 36 4 38 4 63 4 66 4 68 4 69 4 70 4 82 4 89 4 90 4 91 4 92 4 99 4 102 4 104 4 115 4 117 4 126 4 129 4 130 4 156 4 164 4 19 4 7 4 29 4 46 4 111 4 173 4 174 4 182 4 189 4 201 4 203 4 207 4 210 4 211 4 213 4 214 4 216 4 218 4 223 4 225 4 231 4 237 4 241 4 249 4 53 3 53 4 263 4 264 4 280 4 290 4 315 4 332 4 337 4 5 3 7 3 14 3 25 3 34 3 38 3 68 3 69 3 102 3 111 3 129 3 157 3 164 3 173 3 189 3 203 3 207 3 210 3 214 3 223 3 307 3 76 4 157 4 261 4 317 4 355 4 363 4 374 4 406 4 411 4 416 4 421 4 432 4 445 4 9 3 200 3 239 3 257 3 314 3 466 3 29 3 366 3 468 4 488 4 496 4 497 4 507 4 510 4 519 3 523 4 525 4 231 3 355 3 406 3 590 4 612 4
11 10 1 43 1 45 1 52 1 108 1 232 1 257 1 337 1 403 1 421 1 394 1
0
0
0
0
0
1 52 1
0
1 52 1
1 108 1
0
0
2 108 1 232 1
0
1 43 1
0
1 82 1
0
0
2 99 1 108 1
1 184 1
0
0
1 99 1
0
0
1 184 1
1 424 1
0
0
0
2 163 1 481 1
0
1 53 1
0
2 163 1 17 1
0
0
0
0
1 163 1
1 53 1
0
1 163 1
0
1 53 1
1 53 1
0
1 83 1
0
0
0
0
1 82 1
1 83 1
1 83 1
0
0
1 257 1
0
0
1 517 1
0
1 83 1
0
1 394 1
0
0
0
0
1 257 1
0
0
0
0
0
1 394 1
0
0
0
0
0
0
0
0
0
0
0
0
0
0
0
0
0
0
0
0
0
0
0
