74 34 4 36 4 38 4 55 4 57 4 58 4 59 4 61 4 92 4 94 4 99 4 102 4 104 4 117 4 130 4 149 4 156 4 164 4 29 4 54 2 61 2 111 4 114 2 127 4 150 2 168 4 170 2 173 4 174 4 182 4 196 4 203 4 207 4 213 4 214 4 216 4 218 4 237 4 240 4 250 4 58 3 91 4 258 4 263 4 290 4 291 4 301 2 346 2 352 4 34 3 38 3 102 3 111 3 164 3 173 3 196 3 203 3 207 3 214 3 283 2 287 2 341 2 363 4 445 4 270 3 291 3 29 3 227 2 203 2 352 2 496 4 503 4 283 3 590 4
2 145 1 346 1
0
0
0
1 145 1
0
1 95 1
1 95 1
0
0
1 55 1
0
1 55 1
0
1 3 1
1 95 1
0
1 240 1
2 55 1 3 1
0
1 34 1
0
0
0
3 3 1 240 1 61 1
0
0
1 341 1
0
0
2 34 1 187 1
0
0
0
1 358 1
0
1 187 1
2 133 1 56 1
0
0
1 426 1
0
1 56 1
0
1 56 1
0
0
0
0
0
0
0
0
0
0
0
0
0
0
0
0
0
0
0
0
0
0
0
0
0
0
0
0
0
0
0
0
0
0
0
0
0
0
0
0
0
0
0
0
0
0
0
0
0
0
0
0
0
0
0
