38 85 4 86 4 87 4 92 4 104 4 113 4 148 4 156 4 164 4 182 4 207 4 213 4 216 4 218 4 237 4 240 4 263 4 369 4 430 4 451 4 496 4 512 4 521 4 528 4 20 3 162 3 173 3 202 3 214 3 231 3 282 3 324 3 340 3 380 3 393 3 401 3 214 4 590 4
4 29 1 86 1 209 1 451 1
0
0
0
0
0
0
0
1 20 1
0
0
0
0
0
0
0
0
0
1 51 1
0
0
0
0
0
0
0
0
0
1 435 1
0
0
0
0
0
0
0
0
0
1 242 1
0
0
0
0
1 85 1
0
0
0
0
1 491 1
0
0
0
0
1 489 1
0
0
0
0
1 528 1
0
0
0
0
1 380 1
0
0
0
0
1 192 1
0
0
0
0
1 37 1
0
0
0
0
0
0
0
0
0
0
0
0
0
0
0
0
0
0
0
0
0
0
0
0
0
0
