52 51 2 53 4 76 4 92 4 94 4 104 4 114 2 126 4 138 4 148 4 151 2 156 4 164 4 168 4 182 4 203 2 207 4 213 4 216 4 218 4 219 4 237 4 241 4 244 4 247 4 257 2 261 4 263 4 269 4 315 4 347 4 371 4 373 4 412 4 433 4 445 2 477 4 488 4 496 4 499 2 510 4 173 3 180 3 214 3 220 3 257 3 271 3 399 3 214 4 399 4 471 2 590 4
2 52 1 310 1
0
1 107 1
0
1 123 1
0
1 83 1
0
0
1 109 1
0
0
1 101 1
0
0
1 261 1
0
0
0
1 481 1
0
0
0
1 286 1
0
0
0
1 506 1
0
0
0
0
1 262 1
0
0
0
0
1 517 1
0
0
0
0
1 174 1
0
0
0
0
0
1 247 1
0
0
0
0
0
1 220 1
0
0
0
0
0
1 315 1
0
0
0
0
0
0
0
0
0
0
0
0
0
0
0
0
0
0
0
0
0
0
0
0
0
0
0
0
0
0
0
0
0
0
0
0
0
0
0
