46 53 4 63 4 76 4 92 4 94 4 104 4 126 4 138 4 148 4 156 4 164 4 168 4 182 4 207 4 213 4 216 4 218 4 219 4 237 4 241 4 244 4 247 4 261 4 263 4 269 4 315 4 347 4 371 4 373 4 412 4 416 4 433 4 477 4 488 4 496 4 510 4 173 3 180 3 214 3 220 3 257 3 271 3 399 3 214 4 399 4 590 4
5 109 1 123 1 481 1 506 1 220 1
0
0
0
0
0
0
0
0
0
0
0
0
0
0
0
0
0
0
0
0
0
0
0
0
0
0
0
0
0
0
0
0
0
0
0
0
0
0
0
0
0
0
0
0
0
0
0
0
0
0
0
0
0
0
0
0
0
0
0
0
0
0
0
0
0
0
0
0
0
0
0
0
0
0
0
0
0
0
0
0
0
0
0
0
0
0
0
0
0
0
0
0
0
0
0
0
0
0
0
