86 5 4 25 4 34 4 36 4 38 4 55 4 57 4 58 4 59 4 61 4 66 4 68 4 69 4 70 4 89 4 90 4 92 4 94 4 99 4 102 4 104 4 117 4 118 4 130 4 149 4 156 4 164 4 8 4 29 4 111 4 127 4 168 4 173 4 174 4 182 4 189 4 196 4 197 4 203 4 207 4 213 4 214 4 216 4 218 4 237 4 240 4 249 4 250 4 58 3 91 4 258 4 263 4 264 4 280 4 290 4 291 4 352 4 5 3 8 3 25 3 34 3 38 3 68 3 69 3 102 3 111 3 118 3 164 3 173 3 189 3 196 3 203 3 207 3 214 3 363 4 374 4 445 4 270 3 291 3 29 3 496 4 503 4 523 4 283 3 590 4 612 4
4 55 1 95 1 145 1 346 1
0
0
0
1 145 1
0
1 95 1
1 95 1
0
0
1 55 1
0
1 55 1
0
1 3 1
1 95 1
0
1 240 1
2 55 1 3 1
0
1 34 1
0
0
0
0
1 3 1
2 240 1 61 1
0
0
0
0
1 341 1
1 34 1
0
1 34 1
0
1 187 1
0
0
0
1 133 1
0
2 187 1 358 1
0
0
0
0
1 56 1
1 56 1
0
1 56 1
0
1 426 1
0
0
0
0
0
0
0
0
0
0
0
0
0
0
0
0
0
0
0
0
0
0
0
0
0
0
0
0
0
0
0
0
0
0
0
0
0
0
0
0
0
0
0
0
0
0
0
