54 13 2 14 4 15 4 46 4 68 2 70 4 91 4 92 4 104 4 106 2 116 2 156 4 164 4 179 2 182 4 203 2 206 4 207 4 213 4 216 4 218 4 231 2 237 4 240 4 241 4 249 4 263 4 269 4 283 2 317 4 332 4 337 4 371 4 374 4 398 4 400 2 404 4 406 2 416 4 434 3 468 4 496 4 510 4 173 3 200 3 214 3 231 3 276 3 283 3 401 3 406 3 530 3 214 4 590 4
1 10 1
0
0
1 43 1
0
0
1 372 1
0
0
1 82 1
0
0
1 530 1
0
0
1 184 1
0
0
0
1 163 1
0
0
0
1 206 1
0
0
0
1 337 1
0
0
0
1 349 1
0
0
0
1 269 1
0
0
0
0
1 406 1
0
0
0
0
1 14 1
0
0
0
1 12 1
1 12 1
0
0
0
0
1 200 1
0
0
0
0
1 416 1
0
0
0
0
0
0
0
0
0
0
0
0
0
0
0
0
0
0
0
0
0
0
0
0
0
0
0
0
0
0
0
0
0
0
0
0
0
0
0
