47 14 4 15 4 46 4 70 4 91 4 92 4 104 4 156 4 164 4 182 4 206 4 207 4 213 4 216 4 218 4 237 4 240 4 241 4 249 4 263 4 269 4 317 4 332 4 337 4 371 4 374 4 398 4 404 4 416 4 421 4 434 3 468 4 496 4 510 4 525 4 67 3 173 3 200 3 214 3 231 3 276 3 283 3 401 3 406 3 530 3 214 4 590 4
4 10 1 43 1 82 1 372 1
0
0
1 43 1
0
0
1 372 1
0
0
1 82 1
0
0
1 530 1
0
0
1 184 1
0
0
0
1 163 1
0
0
0
1 206 1
0
0
0
1 337 1
0
0
0
1 349 1
0
0
0
1 269 1
0
0
0
0
0
1 406 1
0
0
0
0
0
1 14 1
0
0
0
0
0
1 12 1
0
0
0
0
0
1 200 1
0
0
0
0
0
1 416 1
0
0
0
0
0
0
0
0
0
0
0
0
0
0
0
0
0
0
0
0
0
0
0
0
0
0
0
0
0
0
0
0
0
0
