51 14 4 15 4 46 4 57 4 58 4 59 4 63 4 70 4 91 4 92 4 104 4 156 4 157 4 164 4 182 4 207 4 213 4 216 4 218 4 237 4 240 4 249 4 258 4 263 4 269 4 280 4 291 4 317 4 332 4 339 4 374 4 411 4 416 4 421 4 444 4 447 4 468 4 496 4 497 4 523 4 524 4 8 3 67 3 173 3 196 3 214 3 276 3 343 3 214 4 590 4 612 4
8 45 1 117 1 181 1 196 1 276 1 453 1 37 1 329 1
0
0
0
1 45 1
0
0
0
2 117 1 589 1
0
0
0
1 196 1
0
0
0
1 154 1
0
0
0
1 362 1
0
0
0
1 203 1
0
0
0
1 207 1
0
0
0
1 163 1
0
0
1 175 1
1 556 1
0
0
0
1 156 1
0
0
0
1 59 1
0
0
0
0
0
0
0
1 258 1
0
0
0
0
0
1 37 1
0
0
0
0
0
0
1 329 1
0
0
0
0
0
0
0
0
0
0
0
0
0
0
0
0
0
0
0
0
0
0
0
0
0
0
0
0
0
0
0
0
0
0
