35 58 4 59 4 63 4 76 4 92 4 104 4 113 4 115 4 153 4 156 4 164 4 182 4 207 4 213 4 216 4 218 4 237 4 240 4 258 4 263 4 398 4 430 4 496 4 512 4 524 4 20 3 173 3 196 3 214 3 277 3 282 3 324 3 334 3 214 4 590 4
6 20 1 54 1 114 1 329 1 400 1 420 1
0
0
0
1 420 1
0
0
0
1 159 1
0
0
0
1 229 1
0
0
0
1 196 1
0
0
0
2 54 1 114 1
0
0
0
1 62 1
0
0
0
1 151 1
0
0
0
1 58 1
0
0
0
2 113 1 115 1
0
0
0
1 163 1
0
0
0
1 109 1
0
0
0
1 105 1
1 573 1
0
0
1 76 1
0
0
0
1 400 1
0
0
0
1 329 1
0
0
0
0
0
0
0
0
0
0
0
0
0
0
0
0
0
0
0
0
0
0
0
0
0
0
0
0
0
0
0
0
0
0
0
0
0
0
0
