36 38 2 92 4 104 4 156 4 164 4 170 2 182 4 188 4 189 2 191 2 203 2 207 4 213 4 216 4 218 4 226 2 227 2 228 2 237 4 240 4 263 4 364 2 412 4 470 2 474 4 496 4 522 4 173 3 202 3 214 3 324 3 380 3 450 3 214 4 590 4 611 4
1 141 1
0
0
1 51 1
0
0
0
1 117 1
0
0
0
0
1 174 1
0
0
1 522 1
0
0
0
1 72 1
0
0
0
0
1 281 1
0
0
1 182 1
0
0
0
1 151 1
0
0
0
0
1 202 1
0
0
1 34 1
0
0
0
1 405 1
0
0
0
0
1 105 1
1 385 1
0
1 385 1
0
0
0
1 515 1
0
0
0
0
0
0
0
0
0
0
0
0
0
0
0
0
0
0
0
0
0
0
0
0
0
0
0
0
0
0
0
0
0
0
0
0
0
0
0
0
0
0
0
0
