32 63 4 92 4 104 4 156 4 164 4 182 4 188 4 201 4 207 4 213 4 216 4 218 4 237 4 240 4 263 4 369 4 411 4 412 4 416 4 474 4 496 4 522 4 173 3 202 3 214 3 282 3 324 3 380 3 450 3 214 4 590 4 611 4
6 98 1 104 1 141 1 491 1 384 1 515 1
0
0
1 491 1
0
0
0
1 104 1
0
0
0
0
1 98 1
0
0
1 522 1
0
0
0
1 72 1
0
0
0
0
1 129 1
0
0
1 382 1
0
0
0
1 97 1
0
0
0
0
1 202 1
0
0
1 369 1
0
0
0
1 405 1
0
0
0
0
1 105 1
0
0
1 384 1
0
0
0
1 515 1
0
0
0
0
0
0
0
0
0
0
0
0
0
0
0
0
0
0
0
0
0
0
0
0
0
0
0
0
0
0
0
0
0
0
0
0
0
0
0
0
0
0
0
0
