100 5 4 25 4 34 4 36 4 38 4 55 4 57 4 58 4 59 4 61 4 63 4 66 4 68 4 69 4 70 4 89 4 90 4 92 4 94 4 99 4 102 4 104 4 117 4 118 4 130 4 149 4 156 4 164 4 8 4 29 4 111 4 127 4 168 4 173 4 174 4 182 4 189 4 196 4 197 4 203 4 207 4 213 4 214 4 216 4 218 4 223 4 237 4 240 4 249 4 250 4 58 3 91 4 258 4 263 4 264 4 280 4 290 4 291 4 317 4 339 4 352 4 5 3 8 3 25 3 34 3 38 3 68 3 69 3 102 3 111 3 118 3 164 3 173 3 189 3 196 3 203 3 207 3 214 3 223 3 157 4 363 4 371 4 374 4 398 4 411 4 416 4 431 4 445 4 270 3 291 3 410 3 29 3 490 4 496 4 503 4 523 4 526 4 283 3 590 4 612 4
7 3 1 34 1 55 1 95 1 66 1 61 1 509 1
0
0
0
0
0
0
0
0
0
0
0
0
0
0
1 95 1
0
0
1 55 1
0
0
0
0
0
0
0
0
0
0
0
0
1 223 1
0
0
1 66 1
0
0
0
0
0
0
0
2 223 1 170 1
0
0
0
0
0
0
0
1 170 1
0
2 170 1 509 1
0
0
0
0
0
0
0
0
0
0
0
0
0
0
0
0
0
0
0
0
0
0
0
0
0
0
0
0
0
0
0
0
0
0
0
0
0
0
0
0
0
0
0
0
0
0
0
