52 14 4 63 4 70 4 91 4 92 4 104 4 115 4 156 4 157 4 164 4 182 4 207 4 213 4 216 4 218 4 237 4 240 4 241 4 244 4 249 4 263 4 269 4 280 4 317 4 332 4 339 4 347 4 369 4 371 4 374 4 398 4 411 4 416 4 444 4 447 4 490 4 496 4 512 4 514 4 526 4 67 3 173 3 214 3 270 3 272 3 282 3 340 3 409 3 530 3 214 4 590 4 612 4
6 1 1 96 1 197 1 252 1 179 1 396 1
0
0
0
1 96 1
0
0
0
1 197 1
0
0
0
1 252 1
0
0
0
1 3 1
0
0
0
1 129 1
0
0
0
1 347 1
0
0
0
1 395 1
0
0
0
1 409 1
0
0
0
1 26 1
0
0
0
1 369 1
0
0
0
1 469 1
0
0
0
1 340 1
0
0
0
0
0
0
1 136 1
0
0
0
0
0
0
1 179 1
0
0
0
0
0
0
1 396 1
0
0
0
0
0
0
0
0
0
0
0
0
0
0
0
0
0
0
0
0
0
0
0
0
0
0
0
0
0
0
