60 19 4 58 4 63 4 70 4 76 4 85 4 89 4 92 4 94 4 104 4 148 4 156 4 157 4 164 4 168 4 182 4 207 4 216 4 218 4 219 4 237 4 240 4 247 4 249 4 263 4 280 4 317 4 360 4 374 4 397 4 411 4 416 4 430 4 444 4 447 4 451 4 477 4 490 4 496 4 523 4 7 3 8 3 9 3 67 3 173 3 196 3 214 3 276 3 277 3 324 3 334 3 335 3 356 3 409 3 414 3 428 3 446 3 214 4 590 4 612 4
6 1 1 111 1 189 1 310 1 264 1 566 1
0
0
0
1 189 1
0
0
0
1 205 1
0
0
0
1 325 1
0
0
0
1 334 1
0
0
0
1 5 1
0
0
0
1 222 1
0
0
0
0
1 223 1
0
0
0
0
1 101 1
0
0
0
0
1 174 1
0
0
1 484 1
0
0
0
0
0
0
1 89 1
0
0
0
0
0
0
0
0
0
1 359 1
0
0
0
0
0
0
0
0
0
1 264 1
0
0
0
0
1 566 1
0
0
0
0
0
0
0
0
0
0
0
0
0
0
0
0
0
0
0
0
0
0
0
0
0
