60 14 4 15 4 63 4 86 4 91 4 92 4 104 4 156 4 164 4 168 4 182 4 201 4 206 4 207 4 213 4 216 4 218 4 237 4 240 4 249 4 259 4 263 4 269 4 280 4 317 4 332 4 371 4 373 4 374 4 397 4 398 4 404 4 411 4 416 4 421 4 444 4 447 4 468 4 490 4 496 4 514 4 555 4 67 3 173 3 180 3 214 3 272 3 282 3 289 3 334 3 393 3 399 3 442 3 446 3 492 3 530 3 214 4 399 4 590 4 612 4
7 10 1 43 1 210 1 259 1 368 1 12 1 442 1
0
0
0
0
1 43 1
0
0
1 210 1
0
0
0
0
1 259 1
0
0
1 185 1
0
0
0
0
1 184 1
0
0
1 232 1
0
0
0
0
1 163 1
0
0
1 372 1
0
0
0
0
1 319 1
0
0
1 373 1
0
0
0
0
1 334 1
0
0
1 400 1
0
0
0
0
0
0
0
1 442 1
0
0
0
0
0
1 14 1
0
0
0
0
0
0
0
1 12 1
0
0
0
0
0
0
0
0
0
0
0
0
0
0
0
0
0
0
0
0
0
0
0
0
0
0
0
0
0
