42 15 4 19 4 63 4 70 4 92 4 104 4 156 4 157 4 164 4 182 4 207 4 213 4 216 4 218 4 237 4 240 4 241 4 249 4 263 4 317 4 332 4 339 4 365 4 369 4 416 4 421 4 468 4 496 4 507 4 514 4 526 4 143 3 173 3 214 3 257 3 276 3 355 3 366 3 211 4 214 4 355 4 590 4
8 17 1 31 1 43 1 64 1 18 1 37 1 276 1 413 1
0
0
0
1 31 1
0
0
0
0
1 17 1
0
0
0
1 468 1
0
0
0
0
1 184 1
0
0
0
1 332 1
0
0
0
0
1 163 1
0
0
0
1 432 1
0
0
0
0
1 366 1
0
0
0
1 403 1
0
0
0
0
1 306 1
0
0
0
1 507 1
1 276 1
0
0
0
0
0
1 18 1
0
0
0
0
0
1 413 1
0
0
0
0
0
0
1 37 1
0
0
0
0
0
0
0
0
0
0
0
0
0
0
0
0
0
0
0
0
0
0
0
0
0
0
0
0
0
0
