47 15 4 70 4 86 4 91 4 92 4 103 2 104 4 156 4 157 4 164 4 182 4 185 2 201 4 203 2 207 4 213 4 216 4 218 4 226 2 237 4 249 4 263 4 317 4 332 4 397 4 404 4 412 4 416 4 421 4 422 2 430 4 431 2 444 4 468 4 496 4 514 4 522 4 173 3 214 3 276 3 283 3 334 3 442 3 450 3 206 4 214 4 590 4
5 11 1 28 1 12 1 319 1 334 1
0
0
0
0
1 210 1
0
0
0
0
1 44 1
0
0
0
0
1 97 1
0
0
0
0
1 232 1
0
0
0
0
1 450 1
0
0
0
0
1 242 1
0
0
0
0
1 442 1
0
0
0
0
1 91 1
0
0
0
0
1 494 1
0
0
0
0
1 404 1
0
0
0
0
1 334 1
0
0
0
0
1 12 1
0
0
0
0
1 319 1
0
0
0
0
0
0
0
0
0
0
0
0
0
0
0
0
0
0
0
0
0
0
0
0
0
0
0
0
0
0
0
0
0
0
