41 46 4 70 4 86 4 92 4 104 4 156 4 164 4 168 4 182 4 207 4 213 4 216 4 218 4 237 4 240 4 241 4 244 4 249 4 259 4 263 4 269 4 434 3 496 4 510 4 525 4 526 4 173 3 180 3 200 3 214 3 253 3 276 3 304 3 399 3 401 3 406 3 414 3 428 3 214 4 399 4 590 4
4 44 1 82 1 116 1 458 1
0
0
1 116 1
0
0
0
0
1 44 1
0
0
1 29 1
0
0
0
0
1 225 1
0
0
1 46 1
0
0
0
0
1 242 1
0
0
1 21 1
0
0
0
1 406 1
0
0
0
0
0
1 526 1
0
0
0
1 407 1
0
0
0
0
0
1 34 1
0
0
0
0
0
0
1 184 1
0
0
0
0
0
0
0
0
1 304 1
0
0
0
0
0
0
1 200 1
0
0
0
0
0
0
0
0
0
0
0
0
0
0
0
0
0
0
0
0
0
0
0
0
0
0
0
0
0
