45 19 4 53 4 63 4 76 4 92 4 94 4 104 4 113 4 126 4 156 4 164 4 182 4 207 4 216 4 218 4 219 4 237 4 241 4 261 4 263 4 315 4 332 4 347 4 369 4 398 4 416 4 488 4 496 4 510 4 512 4 522 4 528 4 173 3 202 3 214 3 257 3 324 3 355 3 366 3 393 3 428 3 450 3 214 4 355 4 590 4
14 16 1 52 1 81 1 141 1 37 1 133 1 172 1 257 1 394 1 405 1 476 1 483 1 542 1 552 1
0
0
0
0
0
0
0
0
1 141 1
0
0
0
0
0
0
0
0
0
1 16 1
0
0
0
0
0
0
0
0
0
1 83 1
0
0
0
0
0
0
0
0
0
1 18 1
0
0
0
0
0
0
0
0
0
1 318 1
0
0
0
0
0
0
0
0
1 483 1
1 257 1
0
0
0
0
0
0
0
0
0
1 405 1
0
0
0
0
0
0
0
0
0
1 476 1
0
0
0
0
0
0
0
0
0
1 542 1
0
0
0
0
0
0
0
0
0
1 552 1
