50 14 4 15 4 46 4 63 4 70 4 76 4 92 4 104 4 113 4 115 4 148 4 156 4 164 4 182 4 206 4 207 4 216 4 218 4 219 4 237 4 241 4 244 4 249 4 263 4 269 4 332 4 347 4 404 4 411 4 412 4 416 4 444 4 447 4 496 4 514 4 526 4 173 3 202 3 214 3 235 3 270 3 276 3 335 3 340 3 388 3 402 3 428 3 214 4 267 4 590 4
6 43 1 98 1 348 1 370 1 501 1 526 1
0
0
0
0
0
1 24 1
0
0
0
0
0
1 345 1
0
0
0
0
0
1 36 1
0
0
0
0
0
1 270 1
0
0
0
0
0
1 514 1
0
0
0
0
0
1 202 1
0
0
0
0
1 533 1
0
0
0
0
0
0
1 14 1
0
0
0
0
0
1 501 1
0
0
0
0
0
1 526 1
0
0
0
0
0
1 348 1
0
0
0
0
0
1 370 1
0
0
0
0
0
0
0
0
0
0
0
0
0
0
0
0
0
0
0
0
0
0
0
0
0
0
0
