55 19 4 63 4 70 4 85 4 86 4 87 4 92 4 94 4 104 4 156 4 164 4 168 4 182 4 188 4 207 4 213 4 216 4 218 4 237 4 240 4 249 4 259 4 263 4 269 4 280 4 339 4 369 4 371 4 373 4 374 4 411 4 416 4 430 4 447 4 451 4 479 4 482 4 496 4 507 4 510 4 521 4 528 4 9 3 173 3 214 3 231 3 253 3 272 3 276 3 282 3 399 3 492 3 214 4 399 4 590 4
7 84 1 253 1 310 1 37 1 268 1 359 1 417 1
0
0
0
0
0
1 207 1
0
0
0
0
0
1 44 1
0
0
0
0
0
1 279 1
0
0
0
0
0
1 351 1
0
0
0
0
0
1 377 1
0
0
0
0
0
1 97 1
0
0
0
0
0
1 435 1
0
0
0
0
0
1 242 1
0
0
0
0
0
1 268 1
0
0
0
0
0
1 417 1
0
0
0
0
0
1 87 1
0
0
0
0
0
1 399 1
0
0
0
0
0
1 359 1
0
0
0
0
0
1 37 1
0
0
0
0
0
0
0
0
0
0
0
0
0
0
0
