52 14 4 19 4 63 4 70 4 89 4 91 4 92 4 94 4 104 4 153 4 156 4 157 4 164 4 182 4 188 4 201 4 207 4 213 4 216 4 218 4 237 4 249 4 263 4 280 4 317 4 339 4 347 4 369 4 371 4 374 4 397 4 411 4 416 4 444 4 447 4 479 4 482 4 496 4 523 4 173 3 200 3 214 3 231 3 272 3 276 3 282 3 335 3 356 3 414 3 446 3 214 4 590 4
6 317 1 335 1 341 1 90 1 200 1 359 1
0
0
0
0
0
1 286 1
0
0
0
0
0
1 386 1
0
0
0
0
0
1 523 1
0
0
0
0
0
1 88 1
0
0
0
0
0
1 326 1
0
0
0
0
0
1 14 1
0
0
0
0
0
1 414 1
0
0
0
0
0
1 157 1
0
0
0
0
0
1 89 1
0
0
0
0
0
1 201 1
0
0
0
0
0
1 90 1
0
0
0
0
0
1 444 1
0
0
0
0
0
1 359 1
0
0
0
0
0
1 200 1
0
0
0
0
0
0
0
0
0
0
0
0
0
0
0
