56 15 4 19 4 58 4 59 4 63 4 70 4 92 4 94 4 104 4 113 4 115 4 156 4 157 4 164 4 182 4 207 4 216 4 218 4 219 4 237 4 240 4 241 4 247 4 249 4 258 4 263 4 317 4 337 4 371 4 374 4 411 4 416 4 421 4 430 4 434 3 444 4 468 4 496 4 497 4 525 4 173 3 196 3 200 3 214 3 283 3 304 3 324 3 355 3 406 3 414 3 428 3 442 3 211 4 214 4 355 4 590 4
2 82 1 196 1
0
0
0
0
0
0
1 286 1
0
0
0
0
0
0
1 246 1
0
0
0
0
0
0
1 58 1
0
0
0
0
0
0
1 225 1
0
0
0
0
0
0
1 163 1
0
0
0
0
0
0
1 184 1
0
0
0
0
0
0
1 549 1
0
0
0
0
0
0
1 406 1
0
0
0
0
0
0
1 286 1
0
0
0
0
0
0
1 283 1
0
0
0
0
0
0
1 59 1
0
0
0
0
0
0
1 200 1
0
0
0
0
0
0
1 304 1
0
0
0
0
0
0
0
0
