48 14 4 15 4 46 4 57 4 63 4 70 4 92 4 104 4 115 4 156 4 164 4 182 4 206 4 207 4 216 4 218 4 219 4 237 4 240 4 244 4 249 4 258 4 263 4 269 4 332 4 347 4 398 4 404 4 411 4 416 4 444 4 496 4 503 4 514 4 526 4 548 3 173 3 196 3 214 3 270 3 276 3 283 3 340 3 343 3 387 3 401 3 214 4 590 4
2 43 1 453 1
0
0
0
0
0
1 24 1
0
0
0
0
0
1 61 1
0
0
0
0
0
1 36 1
0
0
0
0
0
1 270 1
0
0
0
0
0
1 514 1
0
0
0
0
0
1 401 1
0
0
0
0
0
1 533 1
0
0
0
0
0
1 14 1
0
0
0
0
0
1 501 1
0
0
0
0
0
1 526 1
0
0
0
0
0
1 56 1
0
0
0
0
0
1 370 1
0
0
0
0
0
0
0
0
0
0
0
0
0
0
0
0
0
0
0
0
0
0
0
0
0
0
0
