79 63 4 70 4 85 4 86 4 87 4 92 4 94 4 104 4 113 4 138 4 148 4 156 4 164 4 182 4 207 4 216 4 218 4 219 4 237 4 240 4 241 4 244 4 247 4 249 4 263 4 280 4 347 4 369 4 371 4 373 4 374 4 411 4 412 4 416 4 421 4 433 4 444 4 447 4 451 4 468 4 473 4 477 4 490 4 496 4 497 4 512 4 514 4 526 4 547 3 7 3 8 3 9 3 67 3 173 3 214 3 215 3 253 3 270 3 271 3 272 3 277 3 278 3 282 3 285 3 289 3 304 3 324 3 343 3 356 3 387 3 409 3 428 3 472 3 478 3 530 3 214 4 590 4 605 4 612 4
1 496 1
0
0
0
0
1 98 1
0
0
0
0
1 93 1
0
0
0
0
1 47 1
0
0
0
0
1 298 1
0
0
0
0
1 512 1
0
0
0
0
1 60 1
0
0
0
0
1 497 1
0
0
0
0
0
0
1 369 1
0
0
0
0
0
0
1 358 1
0
0
0
0
0
0
1 94 1
0
0
0
0
0
0
1 304 1
0
0
0
0
0
0
1 272 1
0
0
0
0
0
0
1 370 1
0
0
0
0
0
0
1 195 1
0
0
0
0
0
0
0
0
0
0
0
0
0
0
0
