57 19 4 53 4 58 4 59 4 63 4 76 4 85 4 86 4 87 4 92 4 94 4 104 4 113 4 115 4 148 4 153 4 156 4 164 4 182 4 207 4 216 4 218 4 237 4 263 4 332 4 369 4 397 4 404 4 412 4 416 4 421 4 430 4 451 4 468 4 488 4 496 4 522 4 173 3 202 3 214 3 277 3 278 3 324 3 334 3 356 3 387 3 393 3 399 3 428 3 441 3 442 3 450 3 527 3 214 4 399 4 590 4 611 4
6 98 1 103 1 232 1 393 1 546 1 565 1
0
0
0
0
0
1 210 1
0
0
0
1 199 1
0
0
0
0
0
0
1 488 1
0
0
0
1 443 1
0
0
0
0
0
0
1 163 1
0
0
0
1 319 1
0
0
0
0
0
0
1 324 1
0
0
0
1 161 1
0
0
0
0
0
0
1 404 1
0
0
0
1 405 1
0
0
0
0
0
0
1 493 1
0
0
0
1 192 1
0
0
0
0
0
0
1 63 1
0
0
0
1 120 1
0
0
0
0
0
0
0
0
0
0
0
0
0
0
0
0
0
0
0
0
0
0
0
