116 5 4 25 4 34 4 36 4 38 4 63 4 66 4 68 4 69 4 86 4 91 4 92 4 94 4 99 4 100 4 102 4 104 4 115 4 117 4 118 4 130 4 148 4 149 4 156 4 161 4 164 4 7 4 8 4 9 4 29 4 138 4 168 4 171 4 173 4 174 4 182 4 192 4 203 4 207 4 213 4 214 4 216 4 218 4 223 4 237 4 240 4 241 4 244 4 247 4 113 4 219 4 231 4 259 4 263 4 264 4 269 4 285 4 289 4 290 4 347 4 351 4 5 3 7 3 8 3 9 3 25 3 34 3 38 3 68 3 69 3 86 3 102 3 118 3 138 3 164 3 173 3 203 3 207 3 214 3 223 3 244 3 278 4 363 4 373 4 374 4 409 4 411 4 412 4 416 4 433 4 445 4 447 4 451 4 271 3 282 3 324 3 428 3 29 3 272 3 277 3 356 3 473 4 477 4 496 4 502 4 171 3 231 3 278 3 285 3 289 3 409 3 472 3 478 3 492 3 590 4 605 4
4 50 1 93 1 100 1 134 1
0
0
0
0
0
0
0
0
0
0
0
0
0
0
1 93 1
0
1 50 1
0
1 50 1
1 60 1
1 357 1
1 115 1
2 60 1 502 1
1 105 1
1 105 1
1 60 1
2 115 1 60 1
0
3 248 1 105 1 115 1
2 105 1 248 1
0
1 347 1
2 427 1 477 1
0
3 94 1 347 1 105 1
0
1 94 1
0
2 94 1 427 1
0
3 115 1 248 1 347 1
1 271 1
0
1 115 1
2 271 1 94 1
0
1 248 1
0
1 271 1
0
1 271 1
0
0
0
0
0
0
0
0
0
0
0
0
0
0
0
0
0
0
0
0
0
0
0
0
0
0
0
0
0
0
0
0
0
0
0
0
0
0
0
0
0
0
0
0
0
0
0
0
