96 5 4 25 4 34 4 36 4 38 4 66 4 68 4 69 4 70 4 89 4 90 4 91 4 92 4 99 4 102 4 104 4 117 4 118 4 126 4 130 4 156 4 157 4 164 4 7 4 8 4 9 4 29 4 168 4 173 4 174 4 182 4 189 4 197 4 203 4 207 4 213 4 214 4 216 4 218 4 223 4 237 4 241 4 249 4 53 3 53 4 240 4 263 4 264 4 280 4 290 4 317 4 339 4 5 3 7 3 8 3 9 3 25 3 34 3 38 3 68 3 69 3 102 3 118 3 157 3 164 3 173 3 189 3 203 3 207 3 214 3 223 3 363 4 371 4 374 4 398 4 411 4 431 4 445 4 270 3 276 3 410 3 29 3 67 3 272 3 113 4 479 4 490 4 496 4 510 4 514 4 523 4 526 4 282 3 530 3 590 4 612 4
4 2 1 43 1 67 1 116 1
0
0
0
0
0
1 116 1
1 116 1
0
1 2 1
0
0
3 2 1 193 1 490 1
0
1 2 1
0
0
0
2 69 1 193 1
1 67 1
0
3 193 1 279 1 69 1
0
0
4 43 1 193 1 279 1 233 1
0
0
0
0
0
0
2 66 1 233 1
1 233 1
1 233 1
0
3 116 1 358 1 66 1
0
0
0
2 238 1 358 1
1 66 1
0
1 238 1
3 69 1 184 1 238 1
0
1 238 1
0
0
0
0
2 184 1 223 1
2 66 1 184 1
0
0
1 223 1
0
0
0
1 223 1
0
1 66 1
0
0
0
0
0
0
0
0
0
0
0
0
0
0
0
0
0
0
0
0
0
0
0
0
0
0
0
0
0
0
0
0
0
0
0
0
0
0
0
