75 14 4 15 4 36 4 38 4 72 4 76 4 92 4 99 4 102 4 104 4 115 4 117 4 156 4 164 4 14 2 115 2 141 2 148 4 173 4 174 4 182 4 188 4 202 4 203 4 207 4 213 4 214 4 216 4 218 4 227 2 230 4 235 2 237 4 241 4 168 4 263 4 275 2 290 4 331 4 345 2 14 3 38 3 102 3 164 3 173 3 203 3 207 3 214 3 321 2 363 4 388 2 412 4 445 4 447 4 235 3 282 3 380 3 389 3 402 3 311 2 388 3 202 2 331 2 363 2 438 2 474 4 496 4 499 2 20 3 202 3 267 4 491 2 562 2 590 4 611 4
2 22 1 74 1
0
0
0
0
1 74 1
1 74 1
0
0
0
1 35 1
0
2 35 1 79 1
0
2 77 1 79 1
0
2 77 1 78 1
1 79 1
1 78 1
0
1 78 1
0
1 51 1
0
0
1 51 1
1 282 1
0
1 230 1
1 230 1
0
0
1 75 1
0
1 380 1
0
1 75 1
0
1 75 1
0
1 21 1
1 21 1
0
0
1 21 1
0
1 378 1
0
0
0
0
0
0
0
0
0
0
0
0
0
0
0
0
0
0
0
0
0
0
0
0
0
0
0
0
0
0
0
0
0
0
0
0
0
0
0
0
0
0
0
0
0
0
0
0
0
0
0
0
0
