134 5 4 6 4 25 4 34 4 36 4 38 4 55 4 57 4 58 4 59 4 61 4 63 4 66 4 68 4 69 4 70 4 86 4 89 4 90 4 91 4 92 4 94 4 99 4 100 4 102 4 104 4 115 4 117 4 126 4 129 4 130 4 148 4 149 4 156 4 161 4 164 4 8 4 29 4 138 4 171 4 173 4 174 4 182 4 189 4 192 4 196 4 203 4 207 4 210 4 213 4 214 4 216 4 218 4 223 4 231 4 237 4 240 4 241 4 244 4 247 4 249 4 53 3 58 3 53 4 219 4 258 4 263 4 264 4 280 4 285 4 290 4 291 4 347 4 352 4 5 3 8 3 25 3 34 3 38 3 68 3 69 3 86 3 102 3 129 3 138 3 164 3 173 3 189 3 196 3 203 3 207 3 210 3 214 3 223 3 244 3 113 4 278 4 362 4 363 4 374 4 409 4 411 4 416 4 419 4 433 4 445 4 447 4 271 3 291 3 324 3 334 3 401 3 428 3 29 3 250 4 277 3 335 3 332 4 473 4 477 4 496 4 497 4 503 4 510 4 523 4 171 3 231 3 278 3 285 3 409 3 472 3 492 3 495 3 590 4
9 29 1 50 1 93 1 33 1 45 1 55 1 174 1 281 1 505 1
0
0
0
1 45 1
1 45 1
0
0
1 55 1
0
1 55 1
0
1 55 1
1 93 1
2 55 1 93 1
0
1 93 1
1 50 1
1 50 1
2 93 1 50 1
0
1 29 1
1 29 1
1 50 1
1 29 1
0
1 45 1
1 352 1
3 50 1 29 1 352 1
0
0
1 428 1
1 55 1
2 29 1 428 1
0
2 133 1 303 1
1 110 1
0
0
0
1 303 1
0
1 133 1
2 133 1 94 1
0
1 133 1
1 133 1
0
1 94 1
0
0
0
0
1 94 1
3 94 1 244 1 240 1
0
0
0
0
0
1 240 1
1 244 1
0
0
0
0
1 244 1
1 505 1
0
0
0
0
0
0
0
0
0
0
0
0
0
0
0
0
0
0
0
0
0
0
0
0
0
0
0
0
0
0
0
0
