62 36 4 38 4 85 4 86 4 87 4 92 4 99 4 100 4 102 4 104 4 115 4 117 4 129 4 148 4 156 4 164 4 173 4 174 4 182 4 192 4 203 4 205 4 207 4 214 4 216 4 218 4 237 4 240 4 85 3 241 4 263 4 290 4 351 4 38 3 86 3 102 3 129 3 164 3 173 3 203 3 205 3 207 3 214 3 113 4 153 4 244 4 278 4 360 4 363 4 430 4 451 4 324 3 334 3 393 3 277 3 356 3 496 4 521 4 528 4 278 3 527 3 590 4
2 33 1 319 1
0
0
1 48 1
0
1 84 1
1 84 1
0
0
0
2 48 1 49 1
0
0
1 49 1
1 86 1
1 49 1
1 86 1
1 443 1
0
0
3 49 1 86 1 209 1
1 209 1
0
0
2 84 1 429 1
1 209 1
2 199 1 486 1
0
2 48 1 319 1
2 443 1 199 1
0
2 199 1 486 1
3 129 1 103 1 443 1
0
2 86 1 430 1
0
0
3 129 1 435 1 103 1
1 103 1
0
1 129 1
0
2 429 1 435 1
1 103 1
1 192 1
3 393 1 429 1 199 1
1 103 1
0
2 360 1 393 1
1 192 1
0
0
1 360 1
2 192 1 360 1
0
0
1 192 1
0
1 192 1
0
0
0
0
0
0
0
0
0
0
0
0
0
0
0
0
0
0
0
0
0
0
0
0
0
0
0
0
0
0
0
0
0
0
0
0
0
0
0
0
0
