95 13 4 14 4 15 4 18 4 19 4 34 4 36 4 38 4 92 4 99 4 102 4 104 4 115 4 117 4 129 4 130 4 156 4 164 4 16 2 29 4 98 2 119 2 168 4 173 4 174 4 175 2 182 4 189 4 193 2 197 4 203 4 207 4 211 2 211 4 213 4 214 4 216 4 218 4 231 4 237 4 241 4 244 4 174 2 263 4 290 4 297 2 332 4 14 3 34 3 38 3 102 3 129 3 164 3 173 3 189 3 203 3 207 3 214 3 244 3 189 2 206 4 343 2 355 4 363 4 365 4 369 4 398 4 400 2 432 4 445 4 210 3 239 3 253 3 257 3 282 3 314 3 387 3 466 3 29 3 348 2 279 2 355 2 376 2 496 4 512 4 514 4 526 4 143 3 231 3 270 3 343 3 355 3 366 3 493 2 590 4
6 28 1 64 1 43 1 210 1 398 1 413 1
0
0
0
0
1 28 1
3 43 1 28 1 31 1
0
2 282 1 332 1
0
1 43 1
0
3 43 1 332 1 282 1
0
1 31 1
1 31 1
0
0
2 31 1 163 1
0
2 282 1 314 1
0
1 14 1
0
1 14 1
1 210 1
0
0
0
0
2 97 1 14 1
0
1 400 1
0
0
1 97 1
3 163 1 403 1 512 1
0
1 163 1
0
1 163 1
0
2 206 1 364 1
1 206 1
1 206 1
1 206 1
0
0
1 403 1
0
0
0
0
0
1 413 1
0
0
0
0
0
0
0
0
0
0
0
0
0
0
0
0
0
0
0
0
0
0
0
0
0
0
0
0
0
0
0
0
0
0
0
0
0
0
0
0
0
0
0
0
0
