68 6 4 32 4 34 4 36 4 38 4 55 4 57 4 58 4 59 4 61 4 63 4 70 4 92 4 99 4 102 4 104 4 117 4 130 4 156 4 164 4 29 4 127 4 173 4 174 4 182 4 196 4 203 4 207 4 213 4 214 4 216 4 218 4 237 4 240 4 250 4 58 3 168 4 219 4 258 4 263 4 290 4 291 4 352 4 34 3 38 3 102 3 164 3 173 3 196 3 203 3 207 3 214 3 362 4 363 4 374 4 416 4 419 4 445 4 291 3 324 3 401 3 29 3 496 4 497 4 524 4 231 3 529 3 590 4
5 29 1 45 1 62 1 196 1 324 1
0
1 45 1
0
1 45 1
0
1 324 1
0
1 45 1
0
1 196 1
0
1 227 1
0
0
1 62 1
2 196 1 420 1
0
0
0
2 156 1 62 1
0
1 392 1
0
0
0
1 62 1
0
1 156 1
1 45 1
1 453 1
1 36 1
1 362 1
1 329 1
1 62 1
0
1 36 1
0
1 36 1
0
1 291 1
1 36 1
2 58 1 401 1
1 156 1
1 291 1
0
1 58 1
0
1 401 1
1 36 1
2 58 1 219 1
0
0
0
1 58 1
1 58 1
0
0
0
1 219 1
1 219 1
0
0
1 219 1
1 258 1
0
0
0
0
0
0
0
0
0
0
0
0
0
0
0
0
0
0
0
0
0
0
0
0
0
0
0
0
0
0
0
0
0
0
0
