90 34 4 72 4 85 4 87 4 92 4 99 4 102 4 104 4 117 4 120 4 126 4 153 4 156 4 164 4 7 4 8 4 9 4 114 2 122 2 168 4 173 4 174 4 182 4 188 4 189 4 192 4 202 4 203 4 207 4 212 2 213 4 214 4 216 4 218 4 223 4 237 4 241 4 53 3 85 3 53 4 91 4 153 2 174 2 240 4 259 4 263 4 269 4 286 2 290 4 317 4 325 2 351 4 7 3 8 3 9 3 34 3 102 3 153 3 164 3 173 3 189 3 203 3 207 3 214 3 223 3 70 4 157 4 247 4 254 2 255 2 256 2 363 4 371 4 374 4 398 4 425 2 445 4 441 3 220 3 184 2 474 4 482 4 491 2 496 4 510 4 120 3 202 3 590 4 611 4 612 4
3 1 1 50 1 139 1
0
0
1 106 1
1 106 1
0
1 189 1
1 50 1
0
1 50 1
0
1 50 1
1 124 1
0
1 124 1
1 124 1
1 107 1
1 107 1
1 107 1
1 124 1
1 426 1
0
2 107 1 426 1
0
0
2 103 1 188 1
0
1 374 1
1 374 1
1 139 1
1 103 1
1 103 1
2 107 1 103 1
1 151 1
0
1 188 1
2 124 1 482 1
0
1 151 1
1 151 1
0
1 106 1
2 188 1 441 1
2 441 1 482 1
0
1 562 1
0
2 103 1 262 1
2 262 1 441 1
1 188 1
0
1 262 1
1 262 1
0
1 151 1
0
0
0
0
0
0
0
0
0
0
0
0
0
0
0
0
0
0
0
0
0
0
0
0
0
0
0
0
0
0
0
0
0
0
0
0
0
0
0
0
0
0
0
0
0
