106 5 4 25 4 34 4 36 4 38 4 55 4 57 4 58 4 59 4 61 4 63 4 66 4 68 4 69 4 70 4 89 4 90 4 91 4 92 4 99 4 102 4 104 4 115 4 117 4 130 4 156 4 164 4 8 4 29 4 46 4 111 4 127 4 173 4 174 4 182 4 189 4 196 4 203 4 205 4 207 4 213 4 214 4 216 4 218 4 223 4 231 4 237 4 240 4 249 4 250 4 58 3 258 4 263 4 264 4 280 4 290 4 291 4 352 4 5 3 8 3 25 3 34 3 38 3 68 3 69 3 102 3 111 3 164 3 173 3 189 3 196 3 203 3 205 3 207 3 214 3 223 3 308 3 157 4 317 4 360 4 362 4 363 4 374 4 411 4 416 4 419 4 430 4 431 4 445 4 200 3 291 3 324 3 334 3 401 3 428 3 29 3 479 4 496 4 503 4 518 3 523 4 525 4 231 3 399 4 590 4 612 4
6 33 1 39 1 55 1 145 1 110 1 430 1
0
0
1 39 1
0
0
2 145 1 55 1
1 145 1
0
1 110 1
0
0
2 55 1 145 1
0
1 55 1
1 44 1
0
0
1 44 1
1 229 1
0
0
0
2 44 1 182 1
1 229 1
0
0
1 352 1
0
0
2 110 1 182 1
1 401 1
0
0
0
0
0
0
1 130 1
0
0
2 130 1 240 1
0
0
0
2 240 1 334 1
0
0
0
0
0
1 56 1
2 56 1 240 1
0
1 130 1
0
0
0
0
1 56 1
0
0
0
0
0
0
0
1 56 1
0
0
0
0
0
0
0
0
0
0
0
0
0
0
0
0
0
0
0
0
0
0
0
0
0
0
0
0
0
0
0
0
