70 36 4 38 4 55 4 57 4 58 4 59 4 61 4 92 4 99 4 100 4 102 4 104 4 115 4 117 4 120 4 129 4 153 4 156 4 161 4 164 4 36 2 61 2 103 2 112 2 173 4 174 4 182 4 196 4 203 4 207 4 213 4 214 4 216 4 218 4 229 2 237 4 240 4 250 4 58 3 258 4 263 4 290 4 291 4 333 2 352 4 38 3 102 3 129 3 153 3 164 3 173 3 196 3 203 3 207 3 214 3 341 2 362 4 363 4 371 4 445 4 291 3 334 3 350 2 41 2 352 2 392 2 419 2 496 4 120 3 590 4
2 33 1 110 1
0
0
1 110 1
0
0
0
2 333 1 48 1
1 48 1
0
0
0
1 333 1
0
1 48 1
1 182 1
1 62 1
1 48 1
0
1 43 1
0
1 62 1
1 128 1
0
2 182 1 128 1
0
0
1 420 1
1 182 1
1 62 1
0
2 62 1 534 1
1 43 1
0
0
1 43 1
2 250 1 62 1
0
1 43 1
2 334 1 250 1
1 128 1
0
1 128 1
1 362 1
0
0
0
0
2 58 1 334 1
1 58 1
0
1 58 1
0
0
0
1 504 1
0
0
0
0
1 56 1
0
0
0
0
0
0
0
0
0
0
0
0
0
0
0
0
0
0
0
0
0
0
0
0
0
0
0
0
0
0
0
0
0
0
0
0
0
0
0
