92 34 4 36 4 38 4 70 4 89 4 90 4 91 4 92 4 99 4 102 4 104 4 117 4 120 4 130 4 153 4 156 4 157 4 164 4 29 4 46 4 157 2 173 4 174 4 175 2 182 4 189 4 201 4 203 4 207 4 213 4 214 4 216 4 218 4 231 4 237 4 241 4 249 4 153 2 259 4 263 4 269 4 290 4 317 4 335 2 34 3 38 3 102 3 153 3 157 3 164 3 173 3 189 3 203 3 207 3 214 3 244 3 111 2 205 2 244 4 350 2 360 4 363 4 371 4 397 4 406 4 430 4 431 4 444 4 445 4 446 4 205 3 239 3 246 3 414 3 442 3 29 3 335 3 431 2 446 2 479 4 484 2 496 4 523 4 525 4 120 3 20 3 231 3 406 3 446 3 267 4 563 2 590 4
5 33 1 103 1 20 1 106 1 300 1
0
0
1 174 1
0
1 103 1
1 88 1
1 20 1
2 20 1 88 1
3 20 1 99 1 317 1
0
1 88 1
3 88 1 317 1 99 1
2 88 1 99 1
1 20 1
1 446 1
1 317 1
0
3 88 1 106 1 397 1
0
1 106 1
2 201 1 479 1
2 106 1 99 1
0
4 99 1 21 1 201 1 225 1
0
1 99 1
1 21 1
0
2 225 1 397 1
1 103 1
0
3 21 1 201 1 225 1
2 201 1 157 1
0
1 201 1
2 21 1 328 1
3 231 1 174 1 446 1
0
2 21 1 231 1
4 21 1 328 1 231 1 225 1
0
2 106 1 91 1
0
1 231 1
4 38 1 328 1 174 1 444 1
0
0
4 328 1 444 1 38 1 231 1
0
0
2 328 1 201 1
0
2 444 1 328 1
0
1 38 1
1 38 1
0
0
0
0
1 444 1
0
0
0
0
0
0
0
0
0
0
0
0
0
0
0
0
0
0
0
0
0
0
0
0
0
0
0
0
0
0
0
0
0
0
0
0
0
0
