93 36 4 38 4 92 4 94 4 99 4 100 4 102 4 104 4 115 4 117 4 120 4 121 4 149 4 153 4 156 4 164 4 70 4 72 2 76 4 115 2 138 4 148 4 168 4 171 4 173 4 174 4 182 4 188 4 202 4 203 4 205 4 207 4 213 4 214 4 216 4 218 4 235 2 236 2 237 4 241 4 244 4 246 2 113 4 174 2 244 2 263 4 275 2 285 4 290 4 331 4 38 3 102 3 138 3 153 3 164 3 173 3 203 3 205 3 207 3 214 3 244 3 14 4 267 2 363 4 381 2 412 4 433 4 437 2 445 4 447 4 235 3 246 3 253 3 402 3 356 3 384 2 388 3 202 2 285 2 335 2 363 2 477 4 496 4 120 3 171 3 202 3 285 3 335 3 157 4 267 4 580 2 590 4 611 4
3 95 1 140 1 253 1
0
0
0
0
0
1 115 1
0
0
0
1 73 1
0
1 73 1
0
0
0
1 331 1
0
2 93 1 78 1
0
1 77 1
0
1 79 1
0
2 115 1 78 1
0
1 93 1
1 73 1
0
0
1 77 1
1 78 1
1 388 1
0
0
0
3 77 1 79 1 363 1
0
0
0
0
1 76 1
1 76 1
0
0
0
2 94 1 326 1
1 79 1
0
1 516 1
0
0
1 516 1
0
0
0
0
0
0
0
0
0
0
0
0
0
0
0
0
0
0
0
0
0
0
0
0
0
0
0
0
0
0
0
0
0
0
0
0
0
0
0
0
0
0
0
0
0
0
0
