81 14 4 15 4 34 4 36 4 38 4 63 4 72 4 76 4 92 4 99 4 102 4 104 4 117 4 130 4 156 4 164 4 29 4 72 2 93 2 115 2 133 2 148 4 168 4 173 4 174 4 175 2 182 4 188 4 202 4 203 4 207 4 213 4 214 4 216 4 218 4 230 4 237 4 241 4 244 4 73 2 249 4 263 4 267 2 290 4 331 4 14 3 34 3 38 3 102 3 164 3 173 3 203 3 207 3 214 3 244 3 115 4 283 2 351 4 363 4 412 4 416 4 437 2 445 4 447 4 235 3 246 3 282 3 402 3 29 3 220 3 384 2 388 3 202 2 363 2 476 2 496 4 20 3 202 3 283 3 590 4 611 4
3 20 1 132 1 275 1
0
0
1 79 1
1 79 1
0
1 22 1
1 71 1
0
1 71 1
0
1 74 1
2 77 1 74 1
1 77 1
1 77 1
0
1 20 1
0
2 22 1 77 1
1 74 1
0
2 22 1 20 1
1 72 1
1 20 1
1 20 1
1 72 1
2 71 1 282 1
1 20 1
3 71 1 22 1 78 1
1 78 1
1 72 1
1 77 1
3 246 1 282 1 363 1
1 78 1
0
4 78 1 282 1 246 1 202 1
1 78 1
1 246 1
1 79 1
3 21 1 363 1 246 1
1 21 1
0
1 21 1
1 321 1
1 21 1
3 74 1 321 1 378 1
1 321 1
2 74 1 580 1
2 74 1 378 1
2 378 1 438 1
0
0
1 438 1
1 438 1
0
0
0
0
0
0
0
0
0
0
0
0
0
0
0
0
0
0
0
0
0
0
0
0
0
0
0
0
0
0
0
0
0
0
0
0
0
0
0
0
0
0
0
0
0
0
