71 32 4 36 4 38 4 55 4 57 4 58 4 59 4 61 4 92 4 99 4 102 4 104 4 117 4 129 4 130 4 156 4 164 4 56 2 60 2 114 2 127 4 173 4 174 4 182 4 196 4 203 4 207 4 213 4 214 4 216 4 218 4 237 4 240 4 58 3 214 2 258 4 263 4 290 4 291 4 300 2 352 4 38 3 102 3 129 3 164 3 173 3 196 3 203 3 207 3 214 3 189 2 363 4 398 4 401 2 445 4 189 3 210 3 282 3 291 3 340 3 401 3 34 2 250 4 130 2 324 2 341 2 496 4 503 4 324 3 529 3 590 4
3 39 1 64 1 346 1
0
0
0
0
0
1 48 1
0
0
1 48 1
1 30 1
0
0
0
1 30 1
0
1 352 1
0
1 48 1
0
1 175 1
0
0
2 30 1 175 1
0
0
1 392 1
0
1 31 1
1 31 1
1 31 1
0
0
0
0
0
1 127 1
1 127 1
0
0
1 32 1
0
1 32 1
0
1 32 1
0
1 97 1
0
0
1 487 1
2 224 1 487 1
1 97 1
0
1 97 1
0
0
1 224 1
0
0
0
0
0
0
0
0
0
0
0
0
0
0
0
0
0
0
0
0
0
0
0
0
0
0
0
0
0
0
0
0
0
0
0
0
0
0
0
0
0
0
0
