98 5 4 25 4 34 4 36 4 38 4 63 4 66 4 68 4 69 4 70 4 85 4 86 4 87 4 92 4 94 4 99 4 100 4 102 4 104 4 115 4 117 4 118 4 129 4 130 4 148 4 149 4 156 4 164 4 7 4 8 4 9 4 29 4 168 4 173 4 174 4 182 4 189 4 192 4 197 4 203 4 207 4 213 4 214 4 216 4 218 4 223 4 231 4 237 4 240 4 249 4 85 3 113 4 263 4 264 4 280 4 290 4 351 4 5 3 7 3 8 3 9 3 25 3 34 3 38 3 68 3 69 3 86 3 102 3 129 3 164 3 173 3 189 3 203 3 207 3 214 3 223 3 363 4 374 4 411 4 416 4 431 4 445 4 451 4 270 3 324 3 393 3 29 3 67 3 490 4 496 4 521 4 528 4 231 3 343 3 527 3 530 3 590 4 612 4
4 43 1 98 1 9 1 84 1
0
0
0
1 84 1
1 84 1
1 84 1
1 67 1
1 9 1
1 67 1
1 67 1
1 129 1
0
0
1 351 1
1 129 1
1 113 1
0
2 351 1 86 1
0
1 351 1
1 486 1
0
0
2 129 1 113 1
1 113 1
0
1 9 1
1 9 1
0
0
1 486 1
0
1 84 1
0
2 103 1 435 1
2 103 1 435 1
1 9 1
0
0
0
2 9 1 103 1
1 85 1
1 435 1
0
0
1 85 1
0
2 113 1 85 1
1 85 1
0
1 103 1
0
1 87 1
1 87 1
1 103 1
0
1 87 1
0
0
0
1 87 1
0
0
0
0
0
0
0
0
0
0
0
0
0
0
0
0
0
0
0
0
0
0
0
0
0
0
0
0
0
0
0
0
0
0
0
0
0
0
