86 14 4 15 4 34 4 36 4 38 4 63 4 66 4 69 4 70 4 92 4 99 4 102 4 104 4 117 4 156 4 164 4 29 4 31 2 168 4 173 4 174 4 175 2 182 4 203 4 207 4 210 4 213 4 214 4 216 4 218 4 237 4 241 4 249 4 89 4 91 4 185 2 206 2 240 4 263 4 264 4 280 4 290 4 317 4 339 4 14 3 34 3 38 3 69 3 102 3 157 3 164 3 173 3 203 3 207 3 210 3 214 3 98 2 157 4 206 4 363 4 364 2 370 2 374 4 404 4 411 4 416 4 431 4 444 4 445 4 446 4 276 3 282 3 334 3 29 3 81 3 276 2 382 2 450 2 479 4 496 4 522 4 523 4 20 3 446 3 450 3 590 4
2 11 1 116 1
0
0
1 20 1
0
0
2 116 1 20 1
1 69 1
0
0
1 106 1
0
3 20 1 69 1 106 1
0
1 279 1
0
0
2 279 1 280 1
2 69 1 106 1
0
2 20 1 280 1
1 233 1
0
0
4 69 1 106 1 279 1 233 1
1 66 1
0
0
1 404 1
2 12 1 404 1
2 12 1 280 1
0
1 480 1
0
1 37 1
2 116 1 37 1
2 66 1 12 1
1 14 1
0
1 14 1
0
1 66 1
4 106 1 14 1 66 1 276 1
0
0
0
1 12 1
0
2 163 1 14 1
0
0
1 276 1
0
1 14 1
0
0
0
0
0
0
0
0
0
0
0
0
0
0
0
0
0
0
0
0
0
0
0
0
0
0
0
0
0
0
0
0
0
0
0
0
0
0
0
0
0
0
0
0
0
0
