70 34 4 36 4 38 4 92 4 99 4 102 4 104 4 115 4 117 4 129 4 130 4 156 4 164 4 29 4 173 4 174 4 175 2 182 4 189 4 197 4 203 4 204 2 207 4 213 4 214 4 216 4 218 4 231 4 237 4 240 4 241 4 247 4 91 4 174 2 203 2 263 4 273 2 290 4 321 2 34 3 38 3 102 3 129 3 164 3 173 3 189 3 203 3 207 3 214 3 281 2 313 2 343 2 363 4 445 4 270 3 387 3 29 3 197 2 215 3 363 2 485 2 496 4 497 4 500 2 514 4 526 4 231 3 304 3 343 3 590 4
5 28 1 33 1 39 1 270 1 45 1
0
0
0
1 28 1
0
0
1 28 1
2 45 1 608 1
1 129 1
0
0
1 98 1
0
1 45 1
1 45 1
1 44 1
0
0
1 287 1
1 343 1
1 98 1
2 98 1 343 1
0
1 36 1
0
1 98 1
0
2 44 1 204 1
1 44 1
1 39 1
0
1 226 1
0
0
2 116 1 226 1
2 44 1 38 1
0
0
0
1 387 1
1 36 1
1 36 1
0
2 36 1 376 1
0
0
0
0
1 387 1
0
0
0
0
0
0
1 376 1
0
0
0
0
0
0
0
0
0
0
0
0
0
0
0
0
0
0
0
0
0
0
0
0
0
0
0
0
0
0
0
0
0
0
0
0
0
0
0
0
0
0
0
