87 34 4 36 4 38 4 55 4 57 4 58 4 59 4 61 4 92 4 99 4 102 4 104 4 115 4 117 4 156 4 164 4 21 2 29 4 48 2 61 2 62 2 114 2 168 4 173 4 174 4 182 4 196 4 201 4 203 4 205 4 207 4 213 4 214 4 216 4 218 4 237 4 240 4 249 4 250 4 58 3 127 4 157 2 191 2 258 4 263 4 290 4 291 4 317 4 352 4 34 3 38 3 102 3 157 3 164 3 173 3 196 3 203 3 205 3 207 3 214 3 157 4 282 2 360 4 362 4 363 4 378 2 390 2 397 4 445 4 446 4 246 3 282 3 291 3 334 3 414 3 29 3 330 2 117 2 250 2 352 2 479 4 496 4 503 4 20 3 446 3 513 2 590 4
3 55 1 110 1 132 1
0
0
0
0
0
1 44 1
0
0
1 55 1
0
0
1 44 1
0
0
1 205 1
0
0
2 55 1 43 1
0
0
0
0
0
1 341 1
0
0
1 362 1
0
0
1 43 1
0
0
2 30 1 182 1
0
0
2 182 1 246 1
0
1 43 1
0
0
0
1 321 1
0
0
2 131 1 350 1
0
0
1 246 1
1 504 1
0
2 56 1 504 1
1 56 1
0
1 56 1
0
0
0
0
0
0
0
0
0
0
0
0
0
0
0
0
0
0
0
0
0
0
0
0
0
0
0
0
0
0
0
0
0
0
0
0
0
0
0
0
0
0
0
0
0
