98 13 4 14 4 25 4 34 4 36 4 38 4 55 4 57 4 58 4 59 4 61 4 63 4 66 4 69 4 92 4 99 4 102 4 104 4 115 4 117 4 130 4 156 4 164 4 15 4 29 4 168 4 173 4 174 4 182 4 196 4 201 4 202 4 203 4 205 4 207 4 210 4 213 4 214 4 216 4 218 4 237 4 240 4 249 4 250 4 58 3 91 4 127 4 258 4 263 4 280 4 290 4 291 4 317 4 332 4 352 4 14 3 25 3 34 3 38 3 69 3 102 3 157 3 164 3 173 3 196 3 203 3 205 3 207 3 210 3 214 3 157 4 362 4 363 4 397 4 404 4 416 4 431 4 444 4 445 4 446 4 189 3 246 3 276 3 282 3 291 3 334 3 401 3 414 3 29 3 67 3 468 4 479 4 496 4 503 4 202 3 446 3 267 4 590 4
7 10 1 71 1 106 1 43 1 210 1 364 1 400 1
0
0
0
0
1 71 1
0
0
0
1 71 1
1 43 1
0
1 71 1
0
0
1 341 1
0
0
1 43 1
0
1 28 1
0
0
0
1 341 1
1 203 1
0
1 28 1
0
0
2 28 1 453 1
0
0
1 71 1
0
1 72 1
1 203 1
0
1 163 1
1 163 1
0
0
0
0
1 319 1
2 43 1 319 1
0
0
0
0
1 72 1
0
1 56 1
1 246 1
1 72 1
0
0
0
0
0
0
0
1 378 1
0
1 246 1
0
0
0
0
0
0
1 400 1
0
0
0
0
0
0
0
0
0
0
0
0
0
0
0
0
0
0
0
0
0
0
0
0
0
0
0
0
