139 5 4 6 4 25 4 34 4 36 4 38 4 55 4 57 4 58 4 59 4 61 4 63 4 66 4 68 4 69 4 70 4 76 4 85 4 87 4 89 4 90 4 92 4 94 4 99 4 102 4 104 4 115 4 117 4 118 4 120 4 126 4 130 4 149 4 156 4 157 4 164 4 7 4 8 4 9 4 29 4 111 4 122 2 173 4 174 4 182 4 189 4 192 4 196 4 201 4 203 4 204 2 205 4 207 4 213 4 214 4 216 4 218 4 223 4 237 4 240 4 241 4 244 4 247 4 249 4 53 3 58 3 85 3 38 2 53 4 90 2 164 2 174 2 263 4 264 4 280 4 290 4 317 4 351 4 352 4 5 3 7 3 8 3 9 3 25 3 34 3 38 3 68 3 69 3 102 3 111 3 118 3 157 3 164 3 173 3 189 3 196 3 203 3 205 3 207 3 214 3 223 3 244 3 18 2 228 2 278 4 363 4 374 4 411 4 416 4 431 4 445 4 200 3 276 3 387 3 402 3 428 3 441 3 442 3 29 3 68 2 250 4 335 3 363 2 479 4 495 2 496 4 510 4 514 4 523 4 526 4 528 4 120 3 278 3 304 3 343 3 495 3 562 2 590 4 612 4
4 29 1 133 1 156 1 33 1
0
0
1 111 1
1 133 1
1 133 1
0
1 133 1
2 111 1 133 1
1 111 1
0
1 122 1
1 187 1
0
2 111 1 187 1
0
3 29 1 187 1 498 1
0
1 29 1
1 281 1
1 281 1
1 187 1
0
1 281 1
3 156 1 498 1 34 1
0
0
3 156 1 173 1 214 1
2 29 1 173 1
0
0
0
2 34 1 214 1
0
1 34 1
5 156 1 173 1 335 1 34 1 205 1
2 335 1 214 1
0
0
0
3 106 1 335 1 205 1
1 343 1
1 34 1
3 242 1 205 1 187 1
1 343 1
1 205 1
0
1 38 1
3 205 1 416 1 242 1
2 205 1 484 1
1 63 1
1 484 1
1 63 1
0
0
1 63 1
2 63 1 416 1
0
0
0
0
0
0
0
0
0
0
0
0
0
0
0
0
0
0
0
0
0
0
0
0
0
0
0
0
0
0
0
0
0
0
0
0
0
0
0
0
0
0
0
