71 13 4 18 4 19 4 36 4 38 4 63 4 92 4 99 4 102 4 104 4 115 4 117 4 126 4 129 4 143 4 156 4 164 4 46 4 173 4 174 4 182 4 189 4 197 4 201 4 203 4 207 4 211 4 214 4 216 4 218 4 237 4 240 4 241 4 249 4 53 3 53 4 219 4 263 4 290 4 315 4 332 4 38 3 102 3 129 3 164 3 173 3 189 3 203 3 207 3 214 3 76 4 261 4 355 4 363 4 365 4 369 4 416 4 432 4 239 3 246 3 257 3 314 3 466 3 143 3 366 3 488 4 496 4 507 4 510 4 355 3 590 4
15 64 1 83 1 17 1 52 1 53 1 97 1 143 1 203 1 219 1 241 1 246 1 257 1 355 1 403 1 542 1
0
0
0
0
0
0
1 83 1
0
0
0
0
1 83 1
0
1 97 1
0
0
0
0
0
0
1 203 1
0
0
1 97 1
0
0
0
1 246 1
0
0
0
0
0
0
1 53 1
1 203 1
0
0
0
0
0
1 219 1
0
0
0
0
0
1 53 1
1 403 1
1 43 1
0
0
0
1 97 1
0
1 355 1
0
0
1 143 1
1 219 1
0
0
1 257 1
0
0
0
0
0
0
1 76 1
0
2 143 1 257 1
0
0
0
0
1 143 1
0
0
0
0
0
0
3 143 1 241 1 355 1
0
0
0
0
0
0
1 542 1
0
0
0
0
0
0
0
0
