128 13 4 32 4 34 4 36 4 38 4 55 4 57 4 58 4 59 4 61 4 63 4 70 4 82 4 85 4 86 4 87 4 92 4 99 4 102 4 104 4 115 4 117 4 126 4 129 4 130 4 156 4 164 4 7 4 8 4 9 4 19 4 29 4 127 4 173 4 174 4 182 4 189 4 192 4 196 4 197 4 201 4 203 4 207 4 210 4 211 4 213 4 214 4 216 4 218 4 223 4 225 4 231 4 237 4 240 4 249 4 250 4 53 3 58 3 85 3 15 4 46 4 53 4 89 4 219 4 241 4 258 4 263 4 264 4 280 4 290 4 291 4 317 4 332 4 337 4 351 4 352 4 7 3 8 3 9 3 34 3 38 3 86 3 102 3 129 3 164 3 173 3 189 3 196 3 203 3 207 3 210 3 214 3 223 3 157 4 355 4 363 4 374 4 406 4 411 4 416 4 432 4 434 3 444 4 445 4 200 3 239 3 257 3 276 3 291 3 314 3 401 3 442 3 466 3 29 3 366 3 113 4 468 4 496 4 507 4 510 4 523 4 525 4 20 3 231 3 355 3 406 3 590 4 612 4
9 35 1 43 1 86 1 97 1 239 1 7 1 9 1 355 1 542 1
0
0
0
1 86 1
0
0
1 86 1
0
1 86 1
1 239 1
0
0
0
2 239 1 82 1
0
0
0
0
1 97 1
1 21 1
1 82 1
0
0
1 97 1
0
0
0
1 21 1
0
0
0
2 401 1 525 1
0
1 21 1
0
0
1 97 1
2 407 1 401 1
0
0
0
0
0
1 82 1
0
2 219 1 407 1
0
0
0
0
0
2 349 1 219 1
0
1 17 1
0
0
0
0
1 63 1
2 200 1 349 1
0
0
1 200 1
0
0
1 200 1
0
0
0
0
0
1 63 1
0
1 63 1
0
0
0
0
0
1 542 1
0
0
0
0
0
0
0
0
0
0
0
0
0
0
0
0
0
0
0
