63 15 4 29 4 46 4 70 4 91 4 92 4 104 4 111 4 126 4 129 4 156 4 173 4 174 4 182 4 189 4 197 4 203 4 205 4 207 4 210 4 213 4 214 4 216 4 218 4 231 4 237 4 241 4 249 4 53 3 53 4 263 4 264 4 280 4 290 4 315 4 332 4 34 3 38 3 102 3 111 3 129 3 164 3 173 3 189 3 203 3 205 3 207 3 210 3 214 3 164 4 261 4 363 4 445 4 257 3 29 3 488 4 496 4 510 4 519 3 528 4 343 3 267 4 590 4
3 33 1 43 1 108 1
0
0
1 108 1
0
1 108 1
0
0
0
1 52 1
0
1 52 1
1 98 1
0
0
0
0
0
0
1 172 1
1 98 1
0
0
1 111 1
0
0
0
0
0
0
2 172 1 129 1
0
0
0
2 436 1 488 1
0
0
0
0
0
0
3 129 1 53 1 436 1
0
0
0
2 205 1 53 1
0
0
0
0
0
0
2 38 1 517 1
1 53 1
0
0
2 284 1 205 1
0
0
0
0
0
0
1 38 1
0
0
0
1 284 1
0
0
0
0
0
0
0
0
0
0
0
0
0
0
0
0
0
0
0
0
0
0
0
0
0
0
0
0
0
0
0
0
