97 8 4 15 4 29 4 46 4 57 4 59 4 63 4 70 4 89 4 91 4 92 4 104 4 156 4 173 4 174 4 182 4 189 4 196 4 197 4 203 4 207 4 210 4 213 4 214 4 216 4 218 4 223 4 231 4 237 4 240 4 249 4 250 4 58 3 58 4 127 4 258 4 263 4 264 4 280 4 290 4 291 4 332 4 337 4 352 4 5 3 8 3 14 3 25 3 34 3 38 3 68 3 69 3 102 3 157 3 164 3 173 3 189 3 196 3 203 3 207 3 210 3 214 3 223 3 14 4 157 4 164 4 308 3 317 4 363 4 374 4 406 4 411 4 416 4 419 4 421 4 431 4 445 4 180 3 200 3 246 3 253 3 276 3 291 3 401 3 29 3 67 3 468 4 496 4 503 4 518 3 523 4 525 4 231 3 335 3 406 3 590 4 612 4
4 10 1 43 1 55 1 99 1
0
0
0
0
1 55 1
1 99 1
1 99 1
0
0
0
0
2 55 1 44 1
0
1 184 1
0
0
0
0
0
2 44 1 423 1
0
0
2 37 1 175 1
0
0
0
1 184 1
0
1 97 1
0
1 242 1
0
0
0
0
2 163 1 498 1
1 163 1
0
0
0
0
0
0
2 103 1 163 1
0
1 103 1
0
0
3 401 1 37 1 103 1
0
0
0
0
0
0
0
4 56 1 276 1 401 1 37 1
0
0
0
0
3 56 1 276 1 401 1
0
0
0
0
0
0
0
2 56 1 276 1
0
0
0
0
1 56 1
0
0
0
0
0
0
0
0
0
0
0
0
0
0
0
0
0
0
0
0
0
0
0
0
