76 17 2 18 2 19 4 48 2 92 4 104 4 119 2 129 4 138 4 148 4 156 4 168 4 171 4 173 4 174 4 182 4 185 2 189 4 197 4 203 4 207 4 211 4 213 4 214 4 216 4 218 4 237 4 241 4 143 2 94 4 115 4 240 4 247 4 263 4 290 4 297 2 332 4 38 3 102 3 129 3 138 3 164 3 173 3 189 3 203 3 207 3 214 3 97 2 101 2 164 4 244 4 278 4 318 4 355 4 363 4 365 4 432 4 445 4 239 3 253 3 257 3 314 3 428 3 466 3 277 3 366 3 432 2 496 4 497 4 526 4 143 3 171 3 278 3 304 3 355 3 590 4
3 33 1 45 1 193 1
0
0
0
2 193 1 95 1
1 193 1
0
0
2 95 1 64 1
0
1 64 1
0
2 64 1 253 1
0
0
1 95 1
1 115 1
0
0
0
1 93 1
1 115 1
0
0
2 36 1 497 1
0
0
1 36 1
2 403 1 36 1
0
0
0
2 428 1 403 1
1 93 1
0
0
2 326 1 428 1
0
0
0
2 375 1 485 1
0
0
0
2 355 1 326 1
0
0
1 138 1
2 138 1 375 1
0
0
0
1 355 1
0
0
0
1 138 1
0
0
0
0
0
0
0
0
0
0
0
0
0
0
0
0
0
0
0
0
0
0
0
0
0
0
0
0
0
0
0
0
0
0
0
0
0
0
0
0
0
0
0
