63 49 2 50 2 60 2 76 4 91 4 92 4 94 4 104 4 148 4 156 4 168 4 173 4 174 4 182 4 188 4 202 4 203 4 207 4 213 4 214 4 216 4 218 4 226 2 228 2 237 4 241 4 263 4 290 4 324 2 34 3 38 3 102 3 164 3 173 3 203 3 207 3 214 3 164 4 363 4 390 2 398 2 398 4 445 4 324 3 340 3 389 3 81 3 450 3 41 2 400 2 468 4 474 4 476 2 496 4 522 4 527 2 202 3 404 4 492 3 527 3 224 2 590 4 611 4
2 40 1 81 1
0
0
0
1 184 1
1 184 1
0
1 132 1
0
0
1 132 1
1 141 1
0
0
1 101 1
0
1 101 1
0
1 425 1
0
0
1 154 1
1 141 1
0
0
1 389 1
0
0
1 169 1
1 154 1
0
0
1 97 1
0
0
1 42 1
1 169 1
0
0
1 94 1
0
0
1 398 1
0
2 103 1 97 1
0
1 440 1
0
0
1 564 1
0
0
1 94 1
0
0
0
0
0
0
0
0
0
0
0
0
0
0
0
0
0
0
0
0
0
0
0
0
0
0
0
0
0
0
0
0
0
0
0
0
0
0
0
0
0
0
0
0
0
0
0
