106 19 4 29 4 63 4 76 4 92 4 94 4 104 4 111 4 126 4 129 4 138 4 148 4 156 4 173 4 174 4 182 4 189 4 192 4 197 4 203 4 205 4 207 4 211 4 213 4 214 4 216 4 218 4 237 4 240 4 241 4 244 4 247 4 249 4 53 3 53 4 113 4 115 4 219 4 263 4 264 4 280 4 290 4 332 4 351 4 352 4 5 3 25 3 34 3 38 3 68 3 69 3 86 3 102 3 111 3 118 3 129 3 135 3 138 3 164 3 173 3 189 3 203 3 205 3 207 3 214 3 244 3 86 4 164 4 318 4 355 4 363 4 374 4 409 4 416 4 432 4 445 4 447 4 239 3 246 3 257 3 271 3 283 3 314 3 324 3 387 3 428 3 466 3 29 3 215 3 277 3 366 3 473 4 477 4 496 4 497 4 510 4 514 4 526 4 143 3 304 3 343 3 355 3 409 3 495 3 590 4 605 4
5 45 1 204 1 118 1 186 1 345 1
0
0
1 118 1
1 118 1
1 118 1
1 118 1
0
1 186 1
1 186 1
1 186 1
0
1 281 1
1 584 1
1 281 1
1 281 1
1 227 1
1 186 1
1 227 1
0
3 227 1 246 1 266 1
0
0
1 266 1
3 227 1 266 1 516 1
1 266 1
0
1 273 1
1 273 1
0
2 219 1 273 1
0
2 219 1 246 1
0
0
1 219 1
2 38 1 219 1
1 38 1
0
0
2 38 1 226 1
1 226 1
0
0
1 38 1
1 38 1
0
0
1 387 1
0
1 387 1
0
1 495 1
0
0
0
0
0
0
0
0
0
0
0
0
0
0
0
0
0
0
0
0
0
0
0
0
0
0
0
0
0
0
0
0
0
0
0
0
0
0
0
0
0
0
0
0
0
0
0
