83 19 4 63 4 76 4 92 4 94 4 104 4 129 4 138 4 148 4 156 4 168 4 171 4 173 4 174 4 182 4 197 4 202 4 203 4 207 4 213 4 214 4 216 4 218 4 237 4 241 4 244 4 113 4 115 4 211 4 240 4 247 4 263 4 285 4 290 4 332 4 347 4 38 3 86 3 102 3 129 3 138 3 164 3 173 3 203 3 207 3 214 3 244 3 86 4 164 4 318 4 355 4 363 4 365 4 369 4 416 4 432 4 433 4 445 4 447 4 239 3 257 3 271 3 314 3 324 3 389 3 428 3 466 3 143 3 220 3 277 3 366 3 473 4 477 4 496 4 502 4 171 3 202 3 285 3 355 3 478 3 492 3 590 4 605 4
3 43 1 64 1 101 1
0
0
0
0
1 101 1
0
0
1 100 1
1 101 1
0
1 381 1
0
0
0
0
1 357 1
0
0
2 100 1 382 1
0
0
1 109 1
0
0
0
1 366 1
0
0
1 273 1
0
0
0
0
2 248 1 273 1
0
1 375 1
0
0
0
0
1 248 1
0
0
0
0
2 466 1 500 1
0
0
1 109 1
0
0
0
3 384 1 385 1 466 1
0
0
0
0
2 94 1 385 1
0
0
0
0
0
1 94 1
1 94 1
0
0
0
0
0
0
0
0
0
0
0
0
0
0
0
0
0
0
0
0
0
0
0
0
0
0
0
0
0
0
0
0
0
0
