71 7 4 9 4 29 4 70 4 87 4 92 4 104 4 111 4 129 4 148 4 156 4 173 4 174 4 182 4 192 4 203 4 207 4 213 4 214 4 216 4 218 4 223 4 231 4 237 4 240 4 249 4 85 3 85 4 113 4 263 4 264 4 280 4 290 4 351 4 5 3 7 3 9 3 25 3 34 3 38 3 68 3 69 3 86 3 102 3 111 3 129 3 164 3 173 3 203 3 207 3 214 3 223 3 86 4 164 4 363 4 374 4 445 4 451 4 324 3 393 3 29 3 215 3 219 4 496 4 497 4 521 4 528 4 231 3 495 3 590 4 612 4
4 33 1 45 1 84 1 86 1
0
0
1 86 1
1 45 1
0
0
1 84 1
1 84 1
1 84 1
1 178 1
0
0
1 86 1
0
1 268 1
0
1 86 1
0
2 178 1 36 1
0
0
0
0
2 268 1 486 1
0
1 178 1
0
1 109 1
0
2 435 1 486 1
0
0
1 408 1
0
3 113 1 324 1 538 1
0
1 435 1
0
0
0
2 113 1 435 1
1 538 1
0
1 87 1
0
2 408 1 324 1
0
0
0
0
1 113 1
2 87 1 113 1
0
0
1 87 1
0
0
1 408 1
0
0
0
0
0
1 87 1
0
0
0
0
0
0
0
0
0
0
0
0
0
0
0
0
0
0
0
0
0
0
0
0
0
0
0
0
0
0
0
0
0
0
0
