56 15 4 63 4 76 4 92 4 104 4 148 4 156 4 173 4 174 4 182 4 202 4 203 4 207 4 213 4 214 4 216 4 218 4 230 4 237 4 241 4 188 4 219 4 263 4 290 4 331 4 14 3 38 3 102 3 164 3 173 3 203 3 207 3 214 3 14 4 164 4 363 4 374 4 409 4 412 4 416 4 445 4 447 4 235 3 253 3 380 3 402 3 388 3 474 4 496 4 202 3 409 3 495 3 267 4 590 4 605 4 611 4
9 71 1 78 1 80 1 230 1 345 1 72 1 241 1 348 1 437 1
0
0
0
0
0
0
0
0
0
0
0
0
0
0
0
0
0
0
0
0
0
1 345 1
0
0
0
0
0
0
0
0
0
0
0
0
0
0
0
0
0
0
0
0
1 80 1
0
0
0
0
0
1 572 1
0
0
1 437 1
0
1 76 1
0
0
0
0
0
0
0
0
0
0
0
0
0
0
0
0
0
0
0
0
0
0
0
0
0
0
0
0
0
0
0
0
0
0
0
0
0
0
0
0
0
0
0
0
0
