64 15 4 76 4 92 4 104 4 148 4 156 4 173 4 174 4 182 4 188 4 202 4 203 4 207 4 213 4 214 4 216 4 218 4 230 4 237 4 241 4 73 2 113 4 174 2 219 4 227 2 263 4 267 2 270 2 290 4 320 2 331 4 14 3 38 3 102 3 164 3 173 3 203 3 207 3 214 3 14 4 164 4 230 2 275 2 363 4 412 4 445 4 447 4 235 3 253 3 270 3 283 3 402 3 388 3 414 3 117 2 203 2 234 2 363 2 496 4 202 3 495 3 267 4 580 2 590 4
2 71 1 74 1
0
0
2 74 1 275 1
1 72 1
1 74 1
1 320 1
0
1 275 1
1 72 1
0
0
3 72 1 320 1 73 1
0
0
1 75 1
1 73 1
1 275 1
2 241 1 388 1
0
1 283 1
1 202 1
0
0
2 283 1 388 1
0
0
1 235 1
1 75 1
1 241 1
2 235 1 363 1
0
1 235 1
1 76 1
0
0
3 235 1 241 1 38 1
0
0
1 241 1
1 202 1
1 202 1
1 402 1
0
1 402 1
1 202 1
0
0
0
0
0
0
0
0
0
0
0
0
0
0
0
0
0
0
0
0
0
0
0
0
0
0
0
0
0
0
0
0
0
0
0
0
0
0
0
0
0
0
0
0
0
0
0
0
0
0
0
0
0
0
