92 17 2 18 2 19 4 65 2 92 4 98 2 104 4 119 2 129 4 138 4 156 4 168 4 171 4 173 4 174 4 182 4 189 4 196 4 197 4 203 4 207 4 211 4 213 4 214 4 216 4 218 4 237 4 241 4 244 4 247 4 143 2 109 2 195 2 240 4 259 4 263 4 269 4 289 4 290 4 297 2 332 4 347 4 38 3 86 3 102 3 129 3 138 3 164 3 173 3 189 3 196 3 203 3 207 3 214 3 244 3 86 4 94 4 103 2 164 4 185 2 355 4 363 4 365 4 371 4 373 4 375 2 399 4 432 4 445 4 180 3 239 3 253 3 257 3 314 3 389 3 466 3 366 3 413 2 355 2 372 2 496 4 511 4 514 4 555 4 143 3 171 3 289 3 355 3 399 3 492 3 260 2 590 4
2 64 1 310 1
0
0
0
1 228 1
0
0
0
1 310 1
0
2 228 1 114 1
0
0
1 228 1
1 17 1
1 114 1
0
0
0
0
1 101 1
1 114 1
0
0
1 372 1
1 101 1
1 101 1
0
0
0
2 185 1 269 1
0
0
0
1 185 1
0
0
0
0
1 269 1
1 212 1
0
0
0
2 389 1 492 1
0
0
1 212 1
0
1 366 1
1 366 1
0
0
0
1 389 1
0
0
0
0
0
1 259 1
0
0
0
1 511 1
0
0
0
0
0
0
0
0
0
0
0
0
0
0
0
0
0
0
0
0
0
0
0
0
0
0
0
0
0
0
0
0
0
0
0
