116 8 4 29 4 57 4 59 4 63 4 70 4 89 4 91 4 92 4 94 4 104 4 126 4 129 4 138 4 148 4 156 4 171 4 173 4 174 4 182 4 189 4 192 4 196 4 203 4 207 4 210 4 213 4 214 4 216 4 218 4 223 4 231 4 237 4 240 4 241 4 244 4 247 4 249 4 250 4 53 3 58 3 53 4 58 4 219 4 258 4 263 4 264 4 280 4 285 4 290 4 291 4 347 4 352 4 5 3 8 3 25 3 34 3 38 3 68 3 69 3 86 3 102 3 129 3 138 3 164 3 173 3 189 3 196 3 203 3 207 3 210 3 214 3 223 3 244 3 86 4 113 4 164 4 278 4 362 4 363 4 374 4 409 4 411 4 416 4 419 4 433 4 445 4 447 4 271 3 291 3 324 3 334 3 401 3 428 3 29 3 277 3 335 3 473 4 477 4 496 4 497 4 503 4 510 4 511 4 523 4 525 4 171 3 231 3 278 3 285 3 409 3 472 3 492 3 495 3 590 4 612 4
6 33 1 174 1 281 1 237 1 408 1 505 1
0
0
0
1 45 1
1 45 1
0
0
1 55 1
0
1 55 1
0
1 55 1
1 93 1
2 55 1 93 1
0
1 93 1
0
1 50 1
2 93 1 50 1
0
0
1 29 1
1 50 1
1 29 1
0
0
1 352 1
3 50 1 29 1 352 1
0
0
1 428 1
0
2 29 1 428 1
0
2 207 1 417 1
0
0
1 417 1
1 94 1
1 207 1
0
1 207 1
0
1 94 1
0
1 244 1
1 94 1
1 376 1
0
0
0
1 376 1
1 244 1
0
0
1 244 1
1 505 1
0
0
0
0
0
0
0
0
0
0
0
0
0
0
0
0
0
0
0
0
0
0
0
0
0
0
0
0
0
0
0
0
0
0
0
0
0
0
0
0
0
0
