99 29 4 36 2 70 4 87 4 89 4 92 4 94 4 104 4 129 4 133 2 138 4 156 4 168 4 171 4 173 4 174 4 182 4 189 4 192 4 193 2 203 4 207 4 213 4 214 4 216 4 218 4 231 4 237 4 241 4 244 4 247 4 248 2 249 4 251 2 85 3 85 4 113 4 115 4 148 4 240 4 244 2 263 4 273 2 277 2 285 4 290 4 347 4 351 4 34 3 38 3 86 3 102 3 129 3 138 3 164 3 173 3 189 3 203 3 207 3 214 3 244 3 24 2 86 4 164 4 243 2 278 4 363 4 412 4 433 4 445 4 447 4 451 4 253 3 271 3 324 3 389 3 428 3 13 2 29 3 277 3 356 3 212 2 285 2 290 2 473 4 477 4 496 4 497 4 514 4 523 4 526 4 171 3 231 3 278 3 285 3 304 3 492 3 590 4 605 4
7 23 1 33 1 45 1 93 1 310 1 384 1 385 1
0
0
0
1 316 1
0
2 93 1 310 1
0
0
1 23 1
0
0
2 23 1 93 1
1 97 1
0
0
0
0
2 23 1 60 1
1 97 1
0
0
1 226 1
0
1 316 1
0
0
1 372 1
0
1 226 1
1 97 1
1 458 1
0
0
0
0
2 226 1 94 1
0
0
0
2 60 1 428 1
0
1 60 1
0
0
1 242 1
0
0
1 242 1
0
0
0
0
1 242 1
0
0
0
0
0
0
0
0
0
0
0
0
0
0
0
0
0
0
0
0
0
0
0
0
0
0
0
0
0
0
0
0
0
0
0
0
0
0
0
0
0
0
0
0
0
0
