107 29 4 44 2 70 4 76 4 87 4 91 4 92 4 99 2 104 4 111 4 117 2 138 4 156 4 157 2 168 4 171 4 173 4 174 4 182 4 189 4 192 4 203 4 205 4 207 4 213 4 214 4 216 4 218 4 231 4 237 4 240 4 241 4 244 4 246 2 249 4 53 3 85 3 29 2 53 4 58 4 59 4 85 4 89 4 126 4 174 2 247 4 263 4 290 4 310 2 317 4 347 4 351 4 352 4 34 3 38 3 68 3 86 3 102 3 111 3 138 3 157 3 164 3 173 3 189 3 203 3 205 3 207 3 214 3 244 3 86 4 157 4 164 4 173 2 277 2 355 4 360 4 363 4 376 2 398 4 445 4 446 4 451 4 180 3 246 3 283 3 387 3 401 3 428 3 29 3 97 2 220 3 277 3 214 2 290 2 496 4 506 2 510 4 514 4 523 4 528 4 171 3 20 3 231 3 355 3 446 3 529 3 590 4
2 99 1 111 1
0
0
2 111 1 205 1
1 111 1
0
1 180 1
1 281 1
1 281 1
1 228 1
1 281 1
1 137 1
2 137 1 103 1
1 137 1
0
2 205 1 281 1
1 205 1
1 180 1
1 246 1
1 180 1
2 180 1 205 1
1 36 1
0
2 228 1 180 1
2 228 1 355 1
1 228 1
0
2 103 1 137 1
1 103 1
1 103 1
3 103 1 228 1 91 1
0
1 355 1
3 36 1 103 1 38 1
0
0
2 36 1 489 1
1 36 1
0
1 203 1
3 283 1 36 1 246 1
0
2 489 1 529 1
1 175 1
1 91 1
1 283 1
0
1 246 1
2 283 1 175 1
0
1 283 1
0
2 175 1 91 1
0
0
0
0
1 283 1
0
0
0
0
1 175 1
0
0
0
0
0
0
0
0
0
0
0
0
0
0
0
0
0
0
0
0
0
0
0
0
0
0
0
0
0
0
0
0
0
0
0
0
0
