111 7 4 8 4 9 4 29 4 43 2 46 4 70 4 87 4 92 4 104 4 111 4 115 2 118 2 122 2 156 4 168 4 173 4 174 4 182 4 185 2 188 4 189 4 192 4 197 4 203 4 207 4 213 4 214 4 215 2 216 4 217 2 218 4 223 4 237 4 240 4 241 4 242 2 247 4 249 4 85 3 53 4 76 4 85 4 89 4 91 4 126 4 173 2 259 4 263 4 264 4 265 2 269 4 280 4 290 4 315 4 339 4 351 4 352 4 5 3 7 3 8 3 9 3 25 3 34 3 38 3 68 3 69 3 86 3 102 3 111 3 118 3 164 3 173 3 189 3 203 3 207 3 214 3 223 3 86 4 164 4 363 4 370 2 371 4 374 4 422 2 423 2 424 2 445 4 276 3 387 3 29 3 67 3 162 3 215 3 38 2 102 2 115 4 264 2 496 4 510 4 514 4 523 4 526 4 528 4 555 4 304 3 343 3 313 2 590 4 605 4 612 4
7 33 1 184 1 39 1 204 1 422 1 423 1 424 1
0
0
1 39 1
0
0
1 44 1
1 204 1
0
0
0
0
2 44 1 122 1
0
0
0
0
0
2 122 1 29 1
0
0
0
0
0
1 46 1
1 46 1
0
0
0
0
1 99 1
0
0
1 99 1
0
0
2 36 1 583 1
0
0
0
0
0
2 36 1 371 1
0
0
0
0
0
1 242 1
0
0
0
1 242 1
0
0
0
0
0
0
0
0
0
0
0
0
0
0
0
0
0
0
0
0
0
0
0
0
0
0
0
0
0
0
0
0
0
0
0
0
0
0
0
0
0
0
0
0
0
0
0
