70 15 4 29 4 63 4 70 4 92 4 104 4 129 4 156 4 168 4 173 4 174 4 182 4 197 4 201 4 203 4 207 4 210 4 211 4 213 4 214 4 216 4 218 4 237 4 241 4 249 4 240 4 263 4 290 4 332 4 14 3 38 3 68 3 102 3 129 3 164 3 173 3 203 3 207 3 210 3 214 3 14 4 164 4 206 4 280 4 318 4 355 4 363 4 369 4 374 4 404 4 416 4 430 4 432 4 445 4 276 3 282 3 334 3 442 3 466 3 29 3 366 3 450 3 113 4 219 4 474 4 496 4 512 4 522 4 355 3 590 4
4 43 1 98 1 418 1 364 1
0
0
0
1 116 1
1 116 1
0
0
1 228 1
0
1 228 1
1 228 1
1 206 1
0
0
1 206 1
1 97 1
1 206 1
0
0
2 97 1 232 1
0
0
1 97 1
1 210 1
1 232 1
0
0
1 163 1
1 232 1
1 163 1
0
1 13 1
0
0
2 163 1 14 1
1 334 1
0
0
0
3 104 1 334 1 404 1
1 14 1
0
0
1 400 1
1 210 1
0
1 104 1
1 458 1
1 442 1
0
0
1 442 1
0
0
0
1 14 1
0
0
0
1 364 1
0
0
0
0
0
0
0
0
0
0
0
0
0
0
0
0
0
0
0
0
0
0
0
0
0
0
0
0
0
0
0
0
0
0
0
0
0
0
0
