81 19 4 29 4 59 4 62 2 92 4 98 2 104 4 129 4 150 2 156 4 168 4 173 4 174 4 182 4 189 4 196 4 197 4 203 4 207 4 213 4 214 4 216 4 218 4 229 2 237 4 240 4 248 2 58 3 58 4 258 4 263 4 264 4 290 4 301 2 332 4 352 4 5 3 25 3 34 3 38 3 68 3 69 3 102 3 129 3 164 3 173 3 189 3 196 3 203 3 207 3 214 3 8 2 164 4 278 4 280 4 363 4 365 4 374 4 419 4 420 2 432 4 445 4 205 3 324 3 340 3 402 3 441 3 29 3 143 3 252 2 196 2 496 4 516 2 524 4 8 3 278 3 191 2 194 2 573 2 590 4 612 4
1 217 1
0
0
0
0
0
0
0
0
0
0
0
0
0
0
0
0
0
0
0
0
0
0
0
0
0
0
0
0
0
0
0
0
0
0
0
0
0
0
0
0
0
0
0
0
0
0
0
0
0
0
0
0
0
0
0
0
0
0
0
0
0
0
0
0
0
0
0
0
0
0
0
0
0
0
0
0
0
0
0
0
0
0
0
0
0
0
0
0
0
0
0
0
0
0
0
0
0
0
0
