80 15 4 18 2 19 4 65 2 92 4 104 4 129 4 156 4 168 4 173 4 174 4 182 4 189 4 197 4 201 4 203 4 207 4 211 4 213 4 214 4 216 4 218 4 228 2 237 4 241 4 143 2 46 4 174 2 249 4 259 4 263 4 269 4 290 4 332 4 38 3 68 3 102 3 129 3 157 3 164 3 173 3 189 3 203 3 207 3 214 3 14 4 148 4 157 4 164 4 317 4 355 4 363 4 365 4 371 4 372 2 399 4 404 4 413 2 430 4 432 4 445 4 446 4 196 3 210 3 239 3 314 3 334 3 466 3 143 3 366 3 385 2 203 2 446 2 496 4 507 4 355 3 399 3 442 3 446 3 590 4
2 43 1 64 1
0
0
0
0
1 28 1
1 28 1
0
1 129 1
1 28 1
1 129 1
1 97 1
2 28 1 129 1
1 97 1
0
1 97 1
1 31 1
0
1 129 1
2 31 1 364 1
0
0
1 314 1
1 314 1
1 97 1
1 31 1
1 191 1
1 191 1
1 314 1
0
1 319 1
1 211 1
1 319 1
1 211 1
0
0
1 31 1
1 211 1
2 403 1 475 1
1 403 1
0
3 191 1 163 1 403 1
0
0
3 319 1 400 1 163 1
1 163 1
0
0
1 211 1
1 400 1
0
0
0
0
0
0
0
0
0
0
0
0
0
0
0
0
0
0
0
0
0
0
0
0
0
0
0
0
0
0
0
0
0
0
0
0
0
0
0
0
0
0
0
0
0
0
0
0
0
0
