69 29 4 70 4 92 4 104 4 129 4 136 2 156 4 168 4 170 2 173 4 174 4 182 4 183 2 189 4 197 4 203 4 207 4 213 4 214 4 216 4 218 4 229 2 237 4 241 4 249 4 89 4 240 4 263 4 270 2 280 4 290 4 339 4 25 3 34 3 38 3 68 3 69 3 102 3 129 3 157 3 164 3 173 3 189 3 203 3 207 3 214 3 68 2 157 4 164 4 363 4 410 2 418 2 445 4 253 3 270 3 410 3 29 3 67 3 272 3 203 2 228 2 364 2 490 4 496 4 514 4 523 4 526 4 343 3 590 4
4 33 1 252 1 270 1 193 1
0
0
0
0
0
0
0
0
0
0
0
0
0
0
0
0
0
0
0
0
0
0
0
0
0
0
0
0
0
0
0
0
0
0
0
0
0
0
0
0
0
0
0
0
0
0
0
0
0
0
0
0
0
0
0
0
0
0
0
0
0
0
0
0
0
0
0
0
0
0
0
0
0
0
0
0
0
0
0
0
0
0
0
0
0
0
0
0
0
0
0
0
0
0
0
0
0
0
0
