89 5 4 6 4 25 4 34 4 36 4 38 4 57 5 66 4 69 4 85 4 86 4 87 4 92 4 99 4 102 4 104 4 115 4 117 4 129 4 130 4 148 4 156 4 164 4 9 4 29 4 70 4 111 4 173 4 174 4 182 4 189 4 192 4 197 4 203 4 205 4 207 4 213 4 214 4 216 4 218 4 223 4 231 4 237 4 240 4 85 3 91 4 113 4 249 4 263 4 264 4 280 4 290 4 351 4 5 3 9 3 25 3 34 3 38 3 68 3 69 3 86 3 102 3 111 3 129 3 164 3 173 3 189 3 203 3 205 3 207 3 214 3 223 3 363 4 374 4 445 4 447 4 451 4 270 3 282 3 324 3 393 3 29 3 496 4 497 4 521 4 528 4 231 3 343 3 590 4
3 45 1 84 1 39 1
0
0
0
2 39 1 45 1
1 39 1
1 589 1
1 86 1
1 86 1
2 86 1 98 1
1 98 1
0
2 98 1 86 1
0
1 104 1
1 98 1
0
2 104 1 486 1
0
1 21 1
2 21 1 104 1
0
1 609 1
0
0
3 129 1 85 1 21 1
0
0
2 364 1 85 1
0
0
0
1 97 1
2 97 1 364 1
0
0
2 435 1 97 1
0
0
0
1 87 1
2 113 1 435 1
1 87 1
0
2 87 1 113 1
0
0
0
0
2 113 1 87 1
0
0
0
0
0
0
0
0
0
0
0
0
0
0
0
0
0
0
0
0
0
0
0
0
0
0
0
0
0
0
0
0
0
0
0
0
0
0
0
0
0
0
0
0
0
0
0
0
0
0
