61 58 4 59 4 63 4 76 4 92 4 104 4 148 4 156 4 168 4 182 4 202 4 213 4 216 4 218 4 237 4 240 4 241 4 247 4 263 4 290 4 332 4 352 4 38 3 102 3 129 3 164 3 173 3 196 3 203 3 207 3 214 3 244 3 164 4 203 4 207 4 214 4 244 4 318 4 355 4 363 4 369 4 412 4 416 4 432 4 445 4 189 3 239 3 314 3 324 3 466 3 81 3 366 3 450 3 496 4 503 4 522 4 171 3 202 3 355 3 590 4 611 4
8 98 1 145 1 230 1 346 1 466 1 18 1 405 1 483 1
0
0
0
0
0
1 98 1
0
0
0
0
0
1 230 1
0
0
0
0
0
1 346 1
0
0
1 16 1
0
0
0
2 16 1 184 1
0
0
0
0
0
0
2 184 1 78 1
0
0
0
0
0
0
2 78 1 318 1
0
0
0
0
0
0
2 318 1 403 1
0
0
0
0
0
1 18 1
1 18 1
0
0
0
0
0
0
1 405 1
0
0
0
0
0
0
1 483 1
0
0
0
0
0
0
0
0
0
0
0
0
0
0
0
0
0
0
0
0
0
0
0
0
0
0
0
0
0
0
0
0
