60 76 4 92 4 104 4 148 4 156 4 182 4 188 4 202 4 204 2 206 2 207 2 213 4 216 4 218 4 219 4 237 4 241 4 263 4 270 2 289 4 290 4 313 2 331 4 14 3 34 3 38 3 102 3 164 3 173 3 203 3 207 3 214 3 14 4 164 4 203 4 207 4 214 4 358 2 363 4 388 2 402 2 412 4 445 4 447 4 235 3 270 3 402 3 29 3 388 3 206 4 264 2 331 2 363 2 409 2 474 4 496 4 202 3 289 3 409 3 590 4
1 71 1
0
0
1 33 1
1 33 1
0
1 78 1
0
1 78 1
1 73 1
0
0
1 73 1
0
0
1 72 1
1 72 1
0
0
0
1 29 1
1 29 1
0
0
1 77 1
0
0
1 77 1
1 388 1
0
0
0
1 74 1
0
0
1 74 1
1 202 1
0
0
0
1 402 1
0
0
0
2 202 1 147 1
0
0
0
0
0
0
0
0
1 147 1
0
0
0
0
0
0
0
0
0
0
0
0
0
0
0
0
0
0
0
0
0
0
0
0
0
0
0
0
0
0
0
0
0
0
0
0
0
0
0
0
0
0
0
0
0
0
