53 15 4 63 4 76 4 91 4 92 4 104 4 148 4 156 4 168 4 182 4 201 4 202 4 216 4 218 4 237 4 241 4 247 4 263 4 290 4 332 4 38 3 102 3 138 3 164 3 173 3 189 3 203 3 207 3 210 3 214 3 138 4 164 4 203 4 206 4 207 4 214 4 261 4 363 4 404 4 416 4 421 4 180 3 271 3 389 3 81 3 450 3 468 4 477 4 496 4 522 4 171 3 202 3 590 4
2 10 1 106 1
0
0
0
1 141 1
0
0
0
1 28 1
0
0
0
0
1 154 1
0
0
0
0
1 170 1
0
0
0
0
0
1 180 1
0
0
0
0
0
1 109 1
0
0
0
0
0
0
2 247 1 425 1
0
0
0
0
1 288 1
0
1 288 1
0
1 566 1
0
0
1 377 1
0
1 377 1
0
0
0
0
0
0
1 247 1
0
0
0
0
0
0
0
0
0
0
0
0
0
0
0
0
0
0
0
0
0
0
0
0
0
0
0
0
0
0
0
0
0
0
0
0
0
0
0
0
0
