71 36 2 46 4 53 4 58 4 59 4 76 4 92 4 104 4 126 4 156 4 173 2 182 4 207 2 213 4 216 4 218 4 237 4 240 4 241 4 247 4 263 4 265 2 290 4 326 2 351 4 352 4 5 3 7 3 8 3 9 3 25 3 34 3 38 3 68 3 69 3 102 3 111 3 164 3 173 3 189 3 196 3 203 3 205 3 207 3 214 3 223 3 244 3 108 2 164 4 203 4 207 4 214 4 283 2 363 4 374 4 445 4 253 3 428 3 29 3 359 2 313 2 496 4 497 4 509 2 510 4 514 4 526 4 283 3 304 3 574 2 590 4
1 1 1
0
0
0
1 253 1
0
0
0
0
0
1 310 1
0
0
0
1 336 1
0
0
0
0
0
1 48 1
0
0
0
1 23 1
0
0
0
0
0
1 103 1
0
0
0
1 46 1
0
0
0
0
0
3 156 1 214 1 485 1
0
0
0
3 304 1 156 1 214 1
0
0
0
0
1 304 1
1 304 1
0
0
0
0
0
0
0
0
0
0
0
0
0
0
0
0
0
0
0
0
0
0
0
0
0
0
0
0
0
0
0
0
0
0
0
0
0
0
0
0
0
0
0
0
0
0
0
0
0
