81 57 4 68 2 70 4 89 4 91 4 92 4 104 4 156 4 182 4 185 2 193 2 197 2 213 4 216 4 218 4 223 2 237 4 238 2 240 4 241 4 249 4 263 4 264 4 270 2 279 2 280 4 290 4 317 4 339 4 5 3 7 3 8 3 9 3 25 3 34 3 38 3 68 3 69 3 102 3 118 3 157 3 164 3 173 3 189 3 203 3 207 3 214 3 223 3 157 4 164 4 203 4 207 4 214 4 358 2 363 4 374 4 398 4 411 4 418 2 431 4 445 4 270 3 276 3 282 3 410 3 29 3 67 3 250 4 272 3 364 2 264 2 469 2 479 4 490 4 496 4 498 2 514 4 523 4 526 4 590 4 612 4
2 33 1 116 1
0
0
1 28 1
0
0
1 292 1
0
0
2 292 1 233 1
0
0
2 233 1 252 1
0
0
1 18 1
0
0
2 252 1 282 1
0
0
2 18 1 265 1
0
0
1 187 1
0
0
2 282 1 395 1
0
0
2 265 1 69 1
0
0
1 358 1
0
0
2 187 1 203 1
0
0
2 203 1 370 1
0
0
1 179 1
0
0
2 69 1 484 1
0
0
1 179 1
0
0
0
0
0
0
0
0
0
0
0
0
0
0
0
0
0
0
0
0
0
0
0
0
0
0
0
0
0
0
0
0
0
0
0
0
0
0
0
0
0
0
0
0
0
0
0
0
0
0
0
