77 70 4 85 4 87 4 89 4 92 4 104 4 153 2 156 4 182 4 201 4 205 2 213 4 216 4 218 4 222 2 237 4 241 4 249 4 259 4 263 4 269 4 290 4 317 4 351 4 7 3 8 3 9 3 34 3 38 3 86 3 102 3 111 3 153 3 157 3 164 3 173 3 189 3 203 3 205 3 207 3 214 3 223 3 38 2 86 4 153 4 157 4 164 4 203 4 207 4 214 4 335 2 363 4 397 4 444 4 445 4 446 4 246 3 334 3 393 3 414 3 29 3 220 3 277 3 335 3 356 3 457 2 203 2 446 2 479 4 496 4 521 4 523 4 120 3 446 3 469 2 590 4 605 4
1 33 1
0
0
1 106 1
0
0
1 106 1
1 335 1
0
0
1 88 1
0
1 88 1
0
1 86 1
1 335 1
0
1 350 1
1 335 1
0
0
2 86 1 156 1
0
0
2 86 1 209 1
0
0
1 157 1
1 157 1
0
2 201 1 157 1
1 408 1
0
0
0
1 201 1
2 156 1 201 1
0
1 435 1
0
0
0
3 192 1 156 1 414 1
0
0
2 199 1 444 1
0
0
2 435 1 408 1
2 192 1 199 1
0
0
0
0
2 444 1 435 1
0
0
0
0
0
2 192 1 444 1
0
0
0
0
0
2 199 1 192 1
0
0
0
0
0
2 414 1 199 1
0
0
0
0
0
1 414 1
0
0
0
0
0
0
0
0
0
0
0
0
0
0
0
0
0
0
0
0
0
