85 63 4 70 4 92 4 94 4 104 4 113 4 115 4 148 4 156 4 182 4 213 4 216 4 218 4 237 4 240 4 241 4 247 4 249 4 263 4 264 4 280 4 290 4 317 4 339 4 347 4 5 3 7 3 8 3 9 3 25 3 34 3 38 3 68 3 69 3 102 3 118 3 129 3 138 3 157 3 164 3 173 3 189 3 203 3 207 3 214 3 223 3 244 3 138 4 157 4 164 4 203 4 207 4 214 4 244 4 278 4 363 4 374 4 398 4 409 4 411 4 412 4 416 4 445 4 447 4 270 3 271 3 324 3 410 3 428 3 29 3 67 3 220 3 272 3 277 3 356 3 473 4 477 4 490 4 496 4 514 4 526 4 278 3 409 3 590 4 612 4
8 7 1 8 1 9 1 93 1 96 1 117 1 197 1 428 1
0
0
1 96 1
0
0
0
1 93 1
1 93 1
0
1 197 1
1 197 1
0
0
1 237 1
0
1 237 1
2 237 1 170 1
0
1 207 1
0
2 170 1 364 1
0
0
2 170 1 347 1
0
0
1 347 1
1 395 1
0
0
1 136 1
1 136 1
0
0
1 244 1
0
0
0
1 244 1
0
2 379 1 367 1
0
0
0
1 179 1
1 179 1
0
2 179 1 379 1
0
0
0
0
1 105 1
2 105 1 179 1
1 105 1
0
0
0
0
0
1 105 1
0
0
0
0
0
0
0
0
0
0
0
0
0
0
0
0
0
0
0
0
0
0
0
0
0
0
0
0
0
0
0
0
0
0
0
0
0
0
