65 85 4 87 4 92 4 104 4 113 4 148 4 156 4 164 2 182 4 213 4 216 4 218 4 231 4 237 4 240 4 263 4 273 2 290 4 351 4 5 3 9 3 25 3 34 3 38 3 68 3 69 3 86 3 102 3 111 3 118 3 129 3 164 3 173 3 189 3 203 3 205 3 207 3 214 3 223 3 47 2 86 4 164 4 186 2 203 4 207 4 214 4 363 4 374 4 445 4 447 4 451 4 253 3 270 3 324 3 387 3 393 3 29 3 435 2 381 2 496 4 497 4 521 4 528 4 231 3 590 4
5 45 1 417 1 494 1 589 1 609 1
0
1 86 1
1 86 1
0
0
1 98 1
0
0
2 98 1 270 1
0
0
1 270 1
0
1 209 1
0
1 227 1
0
1 209 1
0
2 313 1 589 1
1 227 1
0
1 383 1
0
0
0
1 313 1
2 129 1 486 1
0
3 268 1 313 1 129 1
0
0
0
2 268 1 313 1
0
1 87 1
2 87 1 268 1
0
1 226 1
0
2 226 1 87 1
0
2 97 1 226 1
0
0
1 97 1
2 387 1 97 1
0
1 387 1
2 417 1 387 1
0
0
0
0
1 417 1
0
0
0
0
0
0
1 494 1
0
0
0
0
0
0
0
0
0
0
0
0
0
0
0
0
0
0
0
0
0
0
0
0
0
0
0
0
0
0
0
0
0
0
0
0
0
