69 58 4 63 4 70 4 76 4 92 4 104 4 156 4 182 4 188 4 202 4 213 4 216 4 218 4 237 4 240 4 241 4 247 4 249 4 263 4 289 4 290 4 331 4 351 4 352 4 7 3 8 3 9 3 34 3 38 3 68 3 102 3 111 3 138 3 153 3 164 3 173 3 189 3 203 3 205 3 207 3 214 3 223 3 89 4 138 4 153 4 164 4 203 4 207 4 214 4 363 4 416 4 445 4 380 3 402 3 441 3 29 3 220 3 335 3 474 4 482 4 496 4 523 4 120 3 171 3 202 3 289 3 590 4 611 4 612 4
6 1 1 124 1 139 1 281 1 378 1 441 1
0
0
0
0
1 281 1
0
0
1 139 1
0
0
0
0
1 124 1
0
0
1 133 1
0
0
0
0
0
1 227 1
0
0
1 34 1
0
0
0
1 92 1
1 92 1
0
0
0
0
0
0
4 254 1 255 1 256 1 491 1
0
3 254 1 255 1 256 1
0
0
0
0
4 188 1 254 1 255 1 256 1
1 562 1
0
1 188 1
0
0
0
2 380 1 188 1
0
0
0
0
0
0
2 378 1 380 1
0
0
0
0
0
0
2 441 1 378 1
0
0
0
0
0
0
1 441 1
0
0
0
0
0
0
0
0
0
0
0
0
0
0
0
0
0
0
0
0
0
0
0
0
0
0
0
