64 46 4 53 4 63 4 70 4 89 4 91 4 92 4 104 4 126 4 156 4 182 4 201 4 213 4 216 4 218 4 237 4 241 4 249 4 263 4 290 4 315 4 317 4 34 3 38 3 102 3 111 3 153 3 157 3 164 3 173 3 189 3 203 3 205 3 207 3 214 3 76 4 153 4 157 4 164 4 203 4 207 4 214 4 261 4 363 4 397 4 416 4 430 4 444 4 445 4 446 4 257 3 414 3 442 3 29 3 488 4 496 4 497 4 510 4 523 4 120 3 446 3 495 3 267 4 590 4
6 33 1 45 1 52 1 222 1 90 1 284 1
0
0
0
1 52 1
0
0
1 222 1
0
0
2 52 1 222 1
1 116 1
0
0
2 116 1 481 1
0
0
0
2 222 1 133 1
0
2 36 1 481 1
1 436 1
0
0
3 116 1 133 1 36 1
1 414 1
0
0
2 36 1 174 1
0
3 133 1 436 1 36 1
0
2 157 1 436 1
0
0
0
1 89 1
0
3 414 1 157 1 281 1
0
0
0
0
0
1 284 1
1 89 1
0
0
2 89 1 414 1
0
0
1 284 1
0
0
1 90 1
0
2 284 1 89 1
0
1 90 1
0
0
0
0
0
0
0
2 90 1 284 1
0
0
0
0
0
0
0
1 90 1
0
0
0
0
0
0
0
0
0
0
0
0
0
0
0
0
0
0
0
0
0
0
0
0
0
