68 19 4 58 4 76 4 92 4 97 2 99 2 104 4 114 2 156 4 168 4 182 4 211 4 213 4 216 4 218 4 219 4 228 2 237 4 240 4 241 4 263 4 290 4 332 4 34 3 38 3 102 3 129 3 138 3 164 3 173 3 189 3 203 3 207 3 214 3 244 3 138 4 164 4 203 4 207 4 214 4 244 4 297 2 355 4 363 4 365 4 406 4 407 2 445 4 200 3 239 3 253 3 257 3 314 3 466 3 215 3 366 3 384 2 211 2 304 2 355 2 496 4 497 4 143 3 304 3 355 3 406 3 590 4 605 4
2 45 1 64 1
0
0
1 310 1
1 310 1
0
0
2 310 1 47 1
1 47 1
1 31 1
1 47 1
0
2 31 1 219 1
0
1 54 1
0
0
3 31 1 219 1 496 1
0
0
2 219 1 363 1
0
1 54 1
0
1 36 1
0
0
2 54 1 36 1
1 287 1
0
1 36 1
1 363 1
0
1 119 1
0
1 119 1
0
1 119 1
1 538 1
2 287 1 538 1
1 287 1
1 406 1
0
0
2 406 1 287 1
0
0
1 195 1
0
3 195 1 406 1 585 1
0
0
0
0
1 195 1
0
0
0
0
0
0
0
0
0
0
0
0
0
0
0
0
0
0
0
0
0
0
0
0
0
0
0
0
0
0
0
0
0
0
0
0
0
0
0
0
0
0
0
0
0
