56 37 2 57 4 58 4 59 4 89 4 92 4 104 4 127 4 156 4 182 4 201 4 209 2 213 4 216 4 218 4 237 4 240 4 250 2 258 4 263 4 290 4 291 4 317 4 352 4 38 3 102 3 164 3 173 3 189 3 196 3 203 3 207 3 214 3 36 2 56 2 164 4 175 2 203 4 207 4 214 4 363 4 445 4 291 3 340 3 401 3 414 3 29 3 250 4 349 2 330 2 341 2 414 2 496 4 503 4 523 4 590 4
1 189 1
0
0
0
0
2 300 1 346 1
0
0
0
1 55 1
1 55 1
0
0
1 426 1
0
1 222 1
0
1 133 1
0
0
1 133 1
1 352 1
0
0
0
3 156 1 173 1 222 1
0
0
0
0
3 89 1 156 1 173 1
0
0
0
1 401 1
1 248 1
0
0
1 89 1
0
1 90 1
0
1 248 1
0
0
0
1 90 1
0
0
0
0
0
0
0
0
0
0
0
0
0
0
0
0
0
0
0
0
0
0
0
0
0
0
0
0
0
0
0
0
0
0
0
0
0
0
0
0
0
0
0
0
0
0
0
0
0
0
0
0
0
