54 57 4 58 4 59 4 63 4 70 4 89 4 92 4 104 4 127 4 156 4 182 4 201 4 213 4 216 4 218 4 237 4 240 4 249 4 258 4 263 4 290 4 291 4 317 4 352 4 38 3 102 3 157 3 164 3 173 3 189 3 196 3 203 3 207 3 214 3 157 4 164 4 203 4 207 4 214 4 363 4 416 4 444 4 445 4 291 3 340 3 401 3 414 3 428 3 29 3 250 4 496 4 503 4 523 4 590 4
5 189 1 300 1 321 1 346 1 428 1
0
0
0
0
2 300 1 346 1
0
0
0
1 55 1
1 55 1
0
0
1 426 1
0
1 222 1
0
1 133 1
0
0
1 133 1
1 352 1
0
0
0
3 156 1 173 1 222 1
0
0
0
0
0
0
2 156 1 173 1
0
0
1 89 1
0
0
1 401 1
0
0
0
0
0
1 89 1
1 248 1
0
0
0
0
1 248 1
0
0
0
0
1 90 1
1 90 1
0
0
0
0
0
0
0
0
0
0
0
0
0
0
0
0
0
0
0
0
0
0
0
0
0
0
0
0
0
0
0
0
0
0
0
0
0
0
0
0
0
0
0
