54 57 4 58 4 59 4 92 4 95 2 104 4 109 2 113 2 127 4 156 4 182 4 213 4 216 4 218 4 225 2 237 4 240 4 243 2 258 4 263 4 290 4 291 4 300 2 352 4 38 3 102 3 129 3 164 3 173 3 196 3 203 3 207 3 214 3 54 2 114 2 164 4 203 4 207 4 214 4 321 2 363 4 445 4 291 3 250 4 113 4 231 2 362 2 406 2 445 2 496 4 503 4 231 3 406 3 590 4
1 150 1
0
0
0
0
0
0
0
0
0
0
0
0
0
1 33 1
0
0
0
0
0
0
0
0
0
0
0
0
0
0
1 175 1
0
0
0
0
0
0
0
0
0
0
0
0
0
0
0
0
0
0
0
0
0
0
0
0
0
0
0
0
0
0
0
0
0
0
0
0
0
0
0
0
0
0
0
0
0
0
0
0
0
0
0
0
0
0
0
0
0
0
0
0
0
0
0
0
0
0
0
0
0
0
