75 58 4 59 4 92 4 94 4 104 4 148 4 156 4 168 4 182 4 185 2 194 2 213 4 216 4 218 4 220 2 237 4 240 4 241 4 247 4 259 4 262 2 263 4 269 4 285 4 286 2 288 2 289 4 290 4 347 4 34 3 38 3 102 3 138 3 164 3 173 3 196 3 203 3 207 3 214 3 244 3 138 4 164 4 203 4 207 4 214 4 244 4 261 4 363 4 371 4 373 4 374 4 399 4 433 4 445 4 451 4 466 2 180 3 271 3 389 3 466 3 29 3 220 3 356 3 285 2 399 2 477 4 496 4 171 3 285 3 289 3 399 3 472 3 114 2 590 4 611 4
2 43 1 101 1
0
0
0
1 50 1
1 50 1
0
0
1 193 1
0
0
1 193 1
0
1 310 1
0
1 310 1
1 109 1
0
0
0
0
1 425 1
1 109 1
0
1 228 1
0
1 228 1
0
0
1 174 1
0
0
1 261 1
1 174 1
0
0
0
3 261 1 212 1 506 1
0
0
2 371 1 212 1
0
0
0
1 212 1
2 248 1 371 1
0
0
1 248 1
0
0
0
0
0
0
0
0
0
0
0
0
0
0
0
0
0
0
0
0
0
0
0
0
0
0
0
0
0
0
0
0
0
0
0
0
0
0
0
0
0
0
0
0
0
0
0
0
0
0
0
