88 58 4 59 4 63 4 70 4 89 4 92 4 94 4 104 4 148 4 156 4 168 4 182 4 213 4 216 4 218 4 237 4 240 4 241 4 247 4 249 4 259 4 263 4 264 4 269 4 285 4 289 4 290 4 317 4 347 4 5 3 7 3 8 3 9 3 25 3 34 3 38 3 68 3 69 3 102 3 118 3 138 3 157 3 164 3 173 3 189 3 196 3 203 3 207 3 214 3 223 3 244 3 138 4 157 4 164 4 203 4 207 4 214 4 244 4 261 4 280 4 363 4 371 4 373 4 374 4 399 4 416 4 433 4 445 4 451 4 180 3 271 3 389 3 466 3 29 3 220 3 356 3 477 4 496 4 523 4 171 3 20 3 285 3 289 3 399 3 472 3 590 4 611 4 612 4
8 20 1 43 1 50 1 101 1 7 1 8 1 9 1 356 1
0
0
0
1 50 1
1 50 1
0
0
1 193 1
0
0
1 193 1
0
1 310 1
0
1 310 1
1 109 1
0
0
0
0
1 425 1
1 109 1
0
1 228 1
0
1 228 1
0
0
1 174 1
0
0
1 261 1
1 174 1
0
0
1 325 1
0
0
0
1 261 1
1 506 1
1 212 1
0
0
0
0
0
1 212 1
0
2 212 1 371 1
0
0
0
0
0
0
2 248 1 371 1
0
0
1 248 1
0
0
0
0
0
0
0
0
0
0
0
0
0
0
0
0
0
0
0
0
0
0
0
0
0
0
0
0
0
0
0
0
0
0
0
0
0
0
0
