145 5 4 25 4 34 4 36 4 38 4 55 4 58 4 59 4 61 4 63 4 66 4 68 4 69 4 70 4 76 4 85 4 86 4 87 4 92 4 94 4 99 4 100 4 102 4 104 4 115 4 117 4 118 4 126 4 130 4 148 4 149 4 156 4 161 4 164 4 7 4 8 4 9 4 29 4 111 4 138 4 171 4 173 4 174 4 182 4 189 4 192 4 197 4 203 4 205 4 207 4 213 4 214 4 216 4 218 4 223 4 231 4 237 4 240 4 241 4 244 4 247 4 53 3 58 3 85 3 53 4 91 4 113 4 219 4 263 4 264 4 280 4 289 4 290 4 347 4 351 4 352 4 5 3 7 3 8 3 9 3 25 3 34 3 38 3 68 3 69 3 86 3 102 3 111 3 118 3 135 3 138 3 164 3 173 3 189 3 203 3 205 3 207 3 214 3 223 3 244 3 249 4 278 4 363 4 374 4 409 4 411 4 416 4 445 4 446 4 447 4 451 4 196 3 270 3 271 3 282 3 283 3 324 3 340 3 387 3 428 3 29 3 215 3 272 3 277 3 356 3 473 4 477 4 496 4 497 4 510 4 514 4 526 4 171 3 231 3 278 3 289 3 304 3 343 3 409 3 446 3 472 3 495 3 590 4 605 4 612 4
6 3 1 47 1 107 1 118 1 236 1 574 1
0
0
0
0
0
0
0
0
0
0
0
0
0
0
0
0
0
0
0
0
0
0
0
0
0
0
0
0
0
0
0
0
0
0
0
0
0
0
0
0
0
0
0
0
0
0
0
0
0
0
0
0
0
0
0
0
0
0
0
0
0
0
0
0
0
0
0
0
0
0
0
0
0
0
0
0
0
0
0
0
0
0
0
0
0
0
0
0
0
0
0
0
0
0
0
0
0
0
0
