57 46 4 57 4 58 4 59 4 70 4 89 4 92 4 104 4 127 4 156 4 182 4 213 4 216 4 218 4 231 4 237 4 240 4 249 4 258 4 263 4 290 4 291 4 317 4 352 4 34 3 38 3 102 3 111 3 157 3 164 3 173 3 189 3 196 3 203 3 205 3 207 3 214 3 157 4 164 4 203 4 207 4 214 4 362 4 363 4 445 4 291 3 324 3 401 3 29 3 162 3 250 4 496 4 497 4 523 4 524 4 231 3 590 4
5 45 1 55 1 181 1 227 1 111 1
0
0
0
0
0
1 227 1
0
0
0
0
0
1 301 1
0
0
0
0
0
1 34 1
0
0
0
0
0
1 62 1
0
0
0
0
0
1 258 1
1 207 1
0
0
0
0
0
0
2 156 1 173 1
0
0
0
0
0
0
0
1 59 1
0
0
0
0
0
0
0
1 329 1
0
0
0
0
0
0
0
0
0
0
0
0
0
0
0
0
0
0
0
0
0
0
0
0
0
0
0
0
0
0
0
0
0
0
0
0
0
0
0
0
0
0
0
0
0
