64 15 4 37 2 46 4 53 4 56 2 70 4 82 2 92 4 104 4 126 4 156 4 182 4 213 4 216 4 218 4 237 4 239 2 240 4 241 4 249 4 263 4 280 4 290 4 317 4 332 4 337 4 349 2 34 3 38 3 102 3 157 3 164 3 173 3 189 3 203 3 207 3 210 3 214 3 157 4 164 4 203 4 207 4 214 4 363 4 406 4 407 2 421 2 421 4 424 2 434 3 445 4 200 3 239 3 428 3 29 3 111 2 203 2 406 2 468 4 496 4 510 4 304 3 406 3 590 4
1 99 1
0
0
0
1 44 1
0
0
0
1 43 1
1 43 1
0
0
0
0
0
1 29 1
1 29 1
0
0
1 116 1
1 116 1
0
0
0
1 52 1
0
0
0
0
0
1 225 1
0
1 225 1
0
1 428 1
0
1 184 1
0
0
1 184 1
1 242 1
0
0
0
0
1 242 1
0
0
1 337 1
1 337 1
0
0
1 38 1
0
1 38 1
0
0
0
0
0
0
0
0
0
0
0
0
0
0
0
0
0
0
0
0
0
0
0
0
0
0
0
0
0
0
0
0
0
0
0
0
0
0
0
0
0
0
0
0
0
