63 14 4 15 4 46 4 63 4 70 4 76 4 89 4 92 4 104 4 113 4 115 4 148 4 156 4 157 4 164 4 182 4 201 4 202 4 203 4 207 4 213 4 214 4 216 4 218 4 219 4 231 4 237 4 241 4 249 4 263 4 290 4 317 4 331 4 338 3 363 4 397 4 412 4 416 4 431 4 444 4 445 4 446 4 447 4 173 3 189 3 200 3 235 3 276 3 402 3 414 3 442 3 29 3 335 3 388 3 496 4 520 3 523 4 202 3 214 3 231 3 446 3 267 4 590 4
5 33 1 71 1 75 1 110 1 452 1
0
0
0
1 110 1
0
0
0
1 71 1
0
0
0
1 75 1
0
0
0
1 174 1
0
0
0
0
1 44 1
0
0
0
0
1 72 1
0
0
0
0
1 89 1
1 73 1
0
0
0
0
0
1 235 1
0
0
0
0
0
1 242 1
0
0
0
0
0
1 202 1
0
0
0
0
0
1 437 1
0
0
0
0
0
0
0
0
0
0
0
0
0
0
0
0
0
0
0
0
0
0
0
0
0
0
0
0
0
0
0
0
0
0
0
0
0
0
0
0
0
0
0
