69 15 4 57 4 58 4 59 4 63 4 70 4 85 4 86 4 87 4 91 4 92 4 104 4 127 4 156 4 164 4 168 4 182 4 203 4 207 4 213 4 214 4 216 4 218 4 231 4 237 4 240 4 241 4 247 4 249 4 263 4 264 4 269 4 290 4 351 4 352 4 363 4 365 4 374 4 416 4 431 4 445 4 446 4 447 4 451 4 129 3 173 3 189 3 196 3 205 3 210 3 276 3 291 3 387 3 401 3 29 3 162 3 250 4 291 4 496 4 497 4 503 4 514 4 523 4 526 4 214 3 231 3 343 3 446 3 590 4
3 33 1 45 1 563 1
0
0
0
1 45 1
0
0
0
1 111 1
0
0
0
1 205 1
0
1 55 1
0
0
1 29 1
0
0
0
0
1 158 1
0
0
0
0
1 281 1
0
0
0
0
1 133 1
0
0
0
0
1 36 1
0
0
0
0
1 162 1
0
0
0
0
1 276 1
0
0
0
0
1 174 1
0
0
0
0
0
0
0
0
0
0
0
0
0
0
0
0
0
0
0
0
0
0
0
0
0
0
0
0
0
0
0
0
0
0
0
0
0
0
0
0
0
0
0
0
0
0
0
