57 14 4 15 4 42 2 75 2 76 4 79 2 92 4 104 4 148 4 156 4 164 4 170 2 178 2 182 4 188 4 191 2 202 4 203 4 207 4 213 4 214 4 216 4 218 4 235 2 237 4 240 4 241 4 244 4 247 4 263 4 290 4 326 2 331 4 363 4 412 4 437 2 445 4 447 4 129 3 173 3 189 3 235 3 253 3 402 3 388 3 202 2 320 2 363 2 402 2 474 4 496 4 202 3 214 3 343 3 267 4 590 4 605 4
1 71 1
0
0
1 74 1
0
0
1 346 1
0
0
1 78 1
0
0
1 72 1
0
0
1 388 1
0
0
0
0
0
0
0
0
0
0
0
0
0
0
0
0
0
0
0
0
0
0
0
0
0
0
0
0
0
0
0
0
0
0
0
0
0
0
0
0
0
0
0
0
0
0
0
0
0
0
0
0
0
0
0
0
0
0
0
0
0
0
0
0
0
0
0
0
0
0
0
0
0
0
0
0
0
0
0
0
0
0
0
0
