63 15 4 44 2 85 4 86 4 87 4 91 4 92 4 104 4 111 2 113 4 148 4 156 4 164 4 175 2 182 4 203 4 205 2 207 4 213 4 214 4 216 4 218 4 231 4 237 4 240 4 260 2 263 4 290 4 313 2 343 2 351 4 363 4 369 4 374 4 445 4 447 4 451 4 9 3 129 3 173 3 189 3 205 3 253 3 270 3 387 3 393 3 402 3 441 3 29 3 162 3 39 2 231 2 266 2 268 2 496 4 497 4 516 2 521 4 214 3 231 3 343 3 569 2 590 4
2 45 1 117 1
0
0
0
1 98 1
0
0
0
1 204 1
0
0
0
1 209 1
0
0
0
1 203 1
0
1 609 1
0
1 129 1
0
0
0
2 186 1 486 1
0
0
0
2 435 1 186 1
0
0
0
2 162 1 86 1
0
0
0
2 387 1 162 1
0
0
0
1 435 1
0
0
0
1 387 1
0
0
0
1 158 1
0
0
0
0
0
0
0
0
0
0
0
0
0
0
0
0
0
0
0
0
0
0
0
0
0
0
0
0
0
0
0
0
0
0
0
0
0
0
0
0
0
0
0
0
0
0
0
0
0
0
0
