71 15 4 34 2 50 2 85 4 86 4 87 4 92 4 94 4 95 2 104 4 114 2 138 4 148 4 153 4 156 4 164 4 168 4 182 4 194 2 203 4 207 4 213 4 214 4 216 4 218 4 237 4 240 4 241 4 244 4 247 4 261 4 262 2 263 4 278 4 285 4 290 4 318 4 347 4 351 4 360 4 363 4 371 4 373 4 432 4 445 4 451 4 129 3 173 3 180 3 189 3 196 3 205 3 271 3 282 3 314 3 389 3 466 3 220 3 277 3 311 2 366 3 432 2 477 4 496 4 499 2 512 4 20 3 214 3 278 3 285 3 590 4
2 107 1 132 1
0
0
1 310 1
0
1 310 1
0
1 16 1
0
0
1 16 1
0
1 116 1
1 116 1
0
1 371 1
1 371 1
0
0
1 466 1
0
2 254 1 506 1
0
0
1 254 1
0
4 255 1 256 1 254 1 506 1
0
0
3 466 1 255 1 256 1
0
2 255 1 256 1
2 226 1 466 1
0
0
1 247 1
0
2 247 1 226 1
0
1 133 1
0
0
2 153 1 247 1
1 226 1
0
1 153 1
0
0
0
1 153 1
0
0
0
0
0
0
0
0
0
0
0
0
0
0
0
0
0
0
0
0
0
0
0
0
0
0
0
0
0
0
0
0
0
0
0
0
0
0
0
0
0
0
0
0
0
0
0
0
0
0
