71 53 4 68 2 76 4 86 4 92 4 94 4 104 4 113 4 118 2 126 4 138 4 148 4 156 4 164 2 164 4 182 4 203 4 207 4 213 4 214 4 215 2 216 4 217 2 218 4 219 4 237 4 240 4 241 4 244 4 247 4 258 4 263 4 270 2 278 4 290 4 312 2 351 4 352 4 356 2 363 4 374 4 387 2 409 4 445 4 447 4 173 3 189 3 196 3 205 3 253 3 270 3 283 3 387 3 428 3 29 3 215 3 356 3 426 2 203 2 363 2 496 4 497 4 510 4 526 4 214 3 278 3 304 3 343 3 409 3 69 2 590 4
2 1 1 204 1
0
0
0
1 383 1
0
0
0
1 287 1
0
0
1 186 1
0
0
0
0
0
0
0
0
0
0
0
0
0
0
0
0
0
0
0
0
0
0
0
0
0
0
0
0
0
0
0
0
0
0
0
0
0
0
0
0
0
0
0
0
0
0
0
0
0
0
0
0
0
0
0
0
0
0
0
0
0
0
0
0
0
0
0
0
0
0
0
0
0
0
0
0
0
0
0
0
0
0
0
0
0
0
0
0
