82 18 2 38 2 53 4 57 4 58 4 59 4 70 4 76 4 85 4 87 4 89 4 92 4 94 4 104 4 122 2 126 4 156 4 157 4 164 2 164 4 174 2 182 4 201 4 203 4 204 2 207 4 213 4 214 4 216 4 218 4 228 2 237 4 240 4 241 4 247 4 249 4 263 4 264 4 278 4 280 4 290 4 317 4 351 4 352 4 363 4 374 4 428 2 431 4 445 4 7 3 8 3 9 3 173 3 189 3 196 3 205 3 253 3 276 3 387 3 402 3 428 3 441 3 29 3 68 2 250 4 120 2 363 2 495 2 496 4 510 4 514 4 523 4 526 4 214 3 278 3 289 3 304 3 343 3 495 3 562 2 590 4 612 4
6 33 1 118 1 316 1 122 1 289 1 387 1
0
0
1 111 1
0
0
0
0
1 133 1
0
0
1 122 1
0
0
0
0
2 278 1 498 1
0
0
1 103 1
0
0
0
0
3 254 1 498 1 34 1
0
0
2 256 1 254 1
0
0
0
0
2 34 1 256 1
0
0
3 374 1 34 1 205 1
0
0
0
0
2 205 1 374 1
0
0
3 363 1 205 1 187 1
0
0
0
0
2 387 1 363 1
0
0
1 289 1
0
0
0
0
1 387 1
0
0
0
0
0
0
0
0
0
0
0
0
0
0
0
0
0
0
0
0
0
0
0
0
0
0
0
0
0
0
0
0
0
0
0
0
0
0
0
0
0
0
0
