58 14 4 15 4 21 2 63 4 73 2 75 2 76 4 78 2 79 2 92 4 104 4 148 4 156 4 164 4 168 4 182 4 188 4 202 4 203 4 207 4 213 4 214 4 216 4 218 4 235 2 237 4 241 4 263 4 290 4 331 4 345 2 363 4 371 4 374 4 388 2 412 4 416 4 445 4 447 4 173 3 189 3 210 3 235 3 282 3 380 3 402 3 388 3 450 3 202 2 320 2 476 2 496 4 20 3 202 3 214 3 267 4 590 4 611 4
2 20 1 74 1
0
0
0
0
0
1 44 1
0
0
0
1 22 1
0
0
0
0
0
1 230 1
0
0
0
1 275 1
0
0
0
0
0
1 185 1
0
0
0
4 254 1 255 1 256 1 536 1
0
0
0
0
0
4 242 1 254 1 255 1 256 1
0
0
0
2 378 1 242 1
0
0
0
0
0
2 438 1 378 1
0
0
1 438 1
1 438 1
0
0
0
0
0
0
0
0
0
0
0
0
0
0
0
0
0
0
0
0
0
0
0
0
0
0
0
0
0
0
0
0
0
0
0
0
0
0
0
0
0
0
0
0
0
0
0
0
0
