63 14 4 58 4 59 4 63 4 70 4 76 4 89 4 92 4 104 4 113 4 148 4 156 4 157 4 164 4 182 4 202 4 203 4 207 4 213 4 214 4 216 4 218 4 219 4 231 4 237 4 240 4 247 4 249 4 258 4 263 4 264 4 280 4 290 4 317 4 331 4 352 4 363 4 374 4 411 4 412 4 416 4 419 4 431 4 445 4 447 4 8 3 173 3 189 3 196 3 200 3 235 3 402 3 29 3 272 3 335 3 388 3 496 4 523 4 524 4 202 3 214 3 231 3 590 4
5 8 1 43 1 75 1 181 1 196 1
0
0
0
1 75 1
0
0
0
1 196 1
0
0
0
1 320 1
0
0
0
1 207 1
0
0
0
1 54 1
0
0
0
0
1 420 1
0
0
0
0
1 275 1
0
0
0
0
1 452 1
0
0
0
0
0
0
0
0
0
0
1 59 1
0
0
0
0
0
0
0
0
0
0
1 329 1
0
0
0
0
0
0
0
0
0
0
0
0
0
0
0
0
0
0
0
0
0
0
0
0
0
0
0
0
0
0
0
0
0
0
0
0
0
0
0
0
0
0
