66 53 4 63 4 70 4 85 4 86 4 87 4 89 4 91 4 92 4 94 4 104 4 113 4 148 4 156 4 157 4 164 4 168 4 182 4 203 4 207 4 213 4 214 4 216 4 218 4 231 4 237 4 240 4 249 4 259 4 263 4 264 4 269 4 280 4 290 4 317 4 351 4 363 4 374 4 411 4 416 4 431 4 445 4 451 4 7 3 8 3 9 3 129 3 173 3 189 3 270 3 324 3 393 3 29 3 67 3 490 4 496 4 521 4 523 4 528 4 214 3 231 3 343 3 527 3 530 3 590 4 612 4
7 7 1 43 1 67 1 84 1 98 1 569 1 604 1
0
0
0
1 84 1
1 84 1
1 84 1
1 67 1
0
1 67 1
1 67 1
1 129 1
0
0
1 351 1
1 129 1
0
0
2 351 1 86 1
0
1 351 1
1 486 1
0
0
1 113 1
1 113 1
0
1 9 1
1 9 1
0
0
1 486 1
0
0
0
1 435 1
1 435 1
1 9 1
0
0
0
1 103 1
1 85 1
1 435 1
0
0
0
0
1 85 1
1 85 1
0
1 103 1
0
0
1 87 1
1 103 1
0
1 87 1
0
0
0
2 87 1 416 1
0
0
1 604 1
0
1 416 1
1 416 1
0
0
0
0
0
0
0
0
0
0
0
0
0
0
0
0
0
0
0
0
0
0
0
0
0
0
0
0
0
0
0
0
