74 14 4 15 4 34 4 36 4 38 4 63 4 72 4 76 4 91 4 92 4 99 4 102 4 104 4 115 4 117 4 130 4 156 4 164 4 148 4 168 4 173 4 174 4 182 4 188 4 202 4 203 4 207 4 210 4 213 4 214 4 216 4 218 4 230 4 237 4 241 4 249 4 263 4 290 4 331 4 332 4 14 3 34 3 38 3 68 3 102 3 164 3 173 3 203 3 207 3 210 3 214 3 206 4 280 4 363 4 404 4 412 4 416 4 445 4 447 4 235 3 282 3 402 3 81 3 388 3 450 3 113 4 468 4 474 4 496 4 522 4 202 3 495 3 267 4 590 4
5 10 1 78 1 141 1 77 1 440 1
0
0
0
0
2 77 1 78 1
1 78 1
0
0
0
1 141 1
0
2 78 1 77 1
0
0
0
2 147 1 210 1
0
1 141 1
1 141 1
0
2 163 1 147 1
0
0
0
0
1 147 1
1 147 1
1 163 1
2 147 1 74 1
0
0
0
0
1 163 1
0
2 163 1 74 1
0
2 163 1 202 1
0
0
0
1 74 1
1 202 1
0
1 74 1
1 312 1
1 74 1
0
0
2 202 1 312 1
0
0
0
2 202 1 404 1
0
0
0
2 312 1 476 1
0
0
0
0
0
0
1 404 1
0
0
0
0
0
0
0
0
0
0
0
0
0
0
0
0
0
0
0
0
0
0
0
0
0
0
0
0
0
0
0
0
0
0
