51 46 4 58 4 59 4 63 4 70 4 91 4 92 4 104 4 156 4 164 4 182 4 203 4 207 4 213 4 214 4 216 4 218 4 231 4 237 4 240 4 241 4 247 4 249 4 258 4 263 4 290 4 352 4 363 4 416 4 419 4 445 4 129 3 173 3 189 3 196 3 270 3 324 3 387 3 401 3 29 3 215 3 496 4 497 4 514 4 524 4 526 4 214 3 231 3 304 3 343 3 590 4
3 33 1 39 1 270 1
0
0
0
1 28 1
0
0
1 28 1
1 196 1
0
0
0
1 98 1
0
1 196 1
0
1 44 1
0
0
1 423 1
1 423 1
1 98 1
0
0
1 420 1
0
0
0
2 44 1 112 1
0
0
0
1 243 1
0
0
1 420 1
1 258 1
0
0
0
1 387 1
0
1 423 1
0
1 59 1
0
0
0
0
1 387 1
0
0
0
0
0
0
1 243 1
0
0
0
0
0
0
1 258 1
0
0
0
0
0
0
1 59 1
0
0
0
0
0
0
1 112 1
0
0
0
0
0
0
0
0
0
0
0
0
0
0
0
0
0
0
0
0
0
0
