98 14 4 15 4 63 4 70 4 85 4 86 4 89 4 92 4 94 4 104 4 113 4 115 4 138 4 148 4 156 4 157 4 164 4 168 4 182 4 203 4 206 4 207 4 213 4 214 4 216 4 218 4 219 4 237 4 240 4 241 4 244 4 247 4 249 4 259 4 263 4 264 4 269 4 278 4 280 4 285 4 289 4 290 4 317 4 332 4 339 4 347 4 351 4 363 4 374 4 398 4 404 4 409 4 411 4 416 4 433 4 444 4 445 4 447 4 451 4 7 3 8 3 9 3 129 3 173 3 189 3 210 3 270 3 271 3 282 3 324 3 410 3 428 3 29 3 67 3 220 3 277 3 261 4 473 4 477 4 490 4 496 4 497 4 502 4 514 4 523 4 526 4 214 3 278 3 285 3 289 3 304 3 409 3 472 3 478 3 530 3 590 4 605 4 612 4
8 43 1 93 1 100 1 104 1 348 1 400 1 370 1 500 1
0
0
0
0
1 93 1
0
0
0
1 104 1
0
1 100 1
0
0
0
0
1 210 1
0
0
0
0
1 163 1
0
0
2 14 1 505 1
0
0
0
0
0
2 427 1 14 1
0
0
0
0
2 270 1 427 1
0
0
2 364 1 270 1
0
0
0
0
0
2 206 1 364 1
0
0
0
0
2 182 1 206 1
0
0
2 370 1 182 1
0
0
0
0
0
1 370 1
0
0
0
0
1 500 1
0
0
0
0
0
0
0
0
0
0
0
0
0
0
0
0
0
0
0
0
0
0
0
0
0
0
0
0
0
0
0
0
0
0
0
0
