60 58 4 59 4 63 4 85 4 86 4 87 4 92 4 94 4 104 4 113 4 138 4 148 4 156 4 164 4 182 4 203 4 207 4 213 4 214 4 216 4 218 4 219 4 237 4 240 4 244 4 247 4 258 4 259 4 263 4 269 4 289 4 290 4 351 4 352 4 363 4 371 4 373 4 374 4 416 4 419 4 445 4 8 3 173 3 180 3 189 3 196 3 205 3 271 3 324 3 389 3 466 3 29 3 220 3 335 3 477 4 496 4 524 4 214 3 289 3 590 4
5 43 1 104 1 181 1 310 1 194 1
0
0
1 104 1
0
0
0
0
0
1 310 1
0
0
1 196 1
0
0
0
0
0
1 109 1
0
0
1 466 1
0
0
0
0
0
1 358 1
0
0
1 445 1
0
0
0
0
0
1 420 1
0
0
1 258 1
0
0
0
0
0
0
0
0
0
0
1 59 1
0
0
0
0
0
0
0
1 194 1
0
0
0
0
0
0
0
0
0
0
0
0
0
0
0
0
0
0
0
0
0
0
0
0
0
0
0
0
0
0
0
0
0
0
0
0
0
0
0
0
0
