50 85 4 86 4 87 4 92 4 104 4 113 4 115 4 138 4 148 4 156 4 164 4 168 4 182 4 203 4 207 4 214 4 216 4 218 4 237 4 240 4 241 4 244 4 247 4 261 4 263 4 289 4 290 4 351 4 363 4 399 4 451 4 84 10 129 3 173 3 180 3 189 3 253 3 271 3 324 3 389 3 466 3 220 3 477 4 496 4 521 4 214 3 289 3 399 3 527 3 590 4
7 84 1 86 1 109 1 271 1 310 1 268 1 435 1
0
0
0
0
0
0
1 253 1
0
0
0
0
0
0
1 104 1
0
0
0
0
0
0
1 351 1
0
0
0
0
0
0
1 466 1
0
0
0
0
0
0
1 164 1
0
0
0
0
0
0
2 268 1 486 1
0
0
0
0
0
0
2 435 1 506 1
0
0
0
0
0
0
1 268 1
0
0
0
0
0
0
1 435 1
0
0
0
0
0
0
0
0
0
0
0
0
0
0
0
0
0
0
0
0
0
0
0
0
0
0
0
0
0
0
0
0
0
0
0
0
