75 15 4 46 4 53 4 58 4 59 4 63 4 70 4 85 4 86 4 87 4 89 4 92 4 104 4 126 4 148 4 156 4 157 4 164 4 182 4 201 4 203 4 207 4 214 4 216 4 218 4 219 4 231 4 237 4 240 4 241 4 244 4 249 4 263 4 280 4 290 4 315 4 317 4 332 4 337 4 339 4 351 4 363 4 406 4 416 4 421 4 430 4 433 4 434 3 444 4 446 4 129 3 173 3 189 3 200 3 210 3 239 3 246 3 334 3 393 3 414 3 442 3 29 3 356 3 468 4 496 4 497 4 510 4 523 4 525 4 214 3 231 3 304 3 406 3 446 3 590 4
2 184 1 225 1
0
0
0
0
1 232 1
0
0
0
2 232 1 246 1
0
0
0
0
1 163 1
0
0
0
1 408 1
1 246 1
0
0
0
1 368 1
0
0
0
1 337 1
0
1 337 1
0
0
1 414 1
0
0
0
1 396 1
0
0
1 459 1
0
2 430 1 231 1
0
0
0
1 459 1
0
0
0
2 377 1 430 1
0
0
0
0
0
0
0
0
0
1 414 1
0
0
0
0
0
0
0
0
0
1 163 1
0
0
0
0
0
0
0
0
0
1 430 1
0
0
0
0
0
0
0
0
0
1 396 1
0
0
0
0
0
0
0
0
0
0
