61 46 4 53 4 63 4 70 4 76 4 89 4 91 4 92 4 104 4 126 4 153 4 156 4 157 4 164 4 182 4 203 4 207 4 213 4 214 4 216 4 218 4 237 4 241 4 249 4 259 4 261 4 263 4 269 4 290 4 315 4 317 4 363 4 371 4 399 4 406 4 416 4 430 4 431 4 444 4 445 4 446 4 173 3 189 3 246 3 253 3 257 3 334 3 414 3 442 3 29 3 450 3 488 4 496 4 510 4 523 4 214 3 399 3 406 3 446 3 267 4 590 4
6 246 1 83 1 257 1 414 1 442 1 463 1
0
0
0
0
0
0
0
1 43 1
0
0
0
0
0
0
0
1 424 1
0
0
0
0
0
0
0
1 319 1
0
0
0
0
0
0
0
1 242 1
0
0
0
0
0
0
0
1 184 1
0
0
0
0
0
0
0
1 436 1
0
0
0
0
0
0
0
1 83 1
0
0
0
0
0
0
0
1 442 1
0
0
0
0
0
0
0
1 414 1
0
0
0
0
0
0
0
1 257 1
0
0
0
0
0
0
1 444 1
0
0
0
0
0
0
0
1 463 1
0
0
0
0
