62 63 4 70 4 85 4 86 4 87 4 89 4 92 4 104 4 157 4 164 4 203 4 207 4 214 4 216 4 218 4 219 4 237 4 240 4 241 4 244 4 249 4 263 4 264 4 280 4 290 4 317 4 332 4 351 4 363 4 374 4 397 4 409 4 411 4 416 4 419 4 431 4 444 4 7 3 8 3 9 3 173 3 189 3 196 3 246 3 276 3 414 3 428 3 442 3 29 3 335 3 356 3 371 4 479 4 496 4 514 4 523 4 214 3 282 3 409 3 267 4 590 4 612 4
11 5 1 7 1 8 1 9 1 23 1 109 1 282 1 146 1 193 1 462 1 484 1
0
0
0
0
0
0
0
0
0
0
0
0
0
0
0
0
0
0
0
0
0
0
0
2 276 1 279 1
0
0
0
0
0
0
0
0
0
0
0
0
0
0
1 469 1
0
0
0
0
0
0
0
0
0
1 428 1
0
0
0
0
0
0
0
0
0
0
0
0
0
0
1 371 1
0
0
0
0
0
0
0
0
0
1 462 1
0
0
0
0
0
0
0
0
0
0
0
0
0
0
1 484 1
0
0
0
0
0
0
0
0
0
1 416 1
