57 58 4 63 4 76 4 86 4 92 4 94 4 104 4 113 4 115 4 138 4 148 4 156 4 164 4 182 4 203 4 207 4 213 4 214 4 216 4 218 4 219 4 237 4 240 4 241 4 244 4 247 4 263 4 278 4 285 4 290 4 347 4 363 4 412 4 416 4 433 4 445 4 447 4 451 4 129 3 173 3 189 3 196 3 210 3 270 3 271 3 324 3 428 3 277 3 356 3 473 4 477 4 496 4 214 3 278 3 285 3 478 3 590 4
6 93 1 104 1 236 1 375 1 427 1 461 1
0
0
0
0
0
0
0
0
0
1 219 1
0
0
0
0
0
0
0
0
1 54 1
0
0
0
0
0
0
0
0
1 62 1
0
0
0
0
0
0
0
0
1 248 1
0
0
0
0
0
0
0
0
1 163 1
0
0
0
0
0
0
0
0
0
1 236 1
0
0
0
0
0
0
0
0
1 427 1
0
0
0
0
0
0
0
0
1 375 1
0
0
0
0
0
0
0
0
1 461 1
0
0
0
0
0
0
0
0
1 94 1
0
0
0
0
0
1 585 1
0
