48 57 4 58 4 59 4 92 4 104 4 127 4 156 4 164 4 182 4 203 4 207 4 214 4 216 4 218 4 219 4 237 4 240 4 244 4 258 4 263 4 290 4 352 4 362 4 363 4 369 4 374 4 447 4 129 3 173 3 189 3 196 3 246 3 253 3 270 3 282 3 291 3 324 3 340 3 387 3 215 3 250 4 291 4 496 4 503 4 214 3 343 3 590 4 605 4
2 145 1 346 1
0
0
0
0
0
0
0
1 204 1
0
0
0
0
0
0
1 48 1
0
0
0
0
0
0
0
1 61 1
0
0
0
0
0
0
1 151 1
0
0
0
0
0
0
0
1 250 1
0
0
0
0
0
0
1 352 1
0
0
0
0
0
0
0
1 392 1
0
0
0
0
0
0
1 291 1
0
0
0
0
0
0
0
1 240 1
0
0
0
0
0
0
0
0
0
0
0
0
0
0
0
0
0
0
0
0
0
0
0
0
0
0
0
0
0
0
0
