72 13 4 18 4 36 4 38 4 63 4 72 4 76 4 92 4 94 4 99 4 100 4 102 4 104 4 115 4 117 4 129 4 149 4 156 4 164 4 148 4 168 4 173 4 174 4 182 4 188 4 202 4 203 4 207 4 213 4 214 4 216 4 218 4 230 4 237 4 241 4 263 4 285 4 290 4 332 4 38 3 102 3 129 3 164 3 173 3 203 3 207 3 214 3 318 4 355 4 363 4 369 4 412 4 416 4 432 4 445 4 239 3 314 3 324 3 428 3 466 3 81 3 366 3 450 3 474 4 496 4 512 4 522 4 202 3 285 3 355 3 590 4 611 4
10 33 1 50 1 77 1 141 1 48 1 93 1 193 1 318 1 405 1 483 1
0
0
0
1 48 1
0
0
0
1 48 1
0
1 93 1
0
1 77 1
0
0
0
2 93 1 141 1
0
0
1 77 1
0
1 77 1
1 78 1
1 77 1
2 141 1 60 1
0
1 141 1
1 78 1
1 79 1
1 78 1
1 16 1
0
0
0
0
1 60 1
1 324 1
1 60 1
0
0
1 428 1
1 79 1
1 79 1
0
0
0
1 305 1
0
0
1 94 1
0
1 94 1
0
0
1 94 1
0
0
0
1 405 1
0
0
0
1 483 1
0
0
0
0
0
0
0
0
0
0
0
0
0
0
0
0
0
0
0
0
0
0
0
0
0
0
0
0
0
0
0
0
0
0
0
0
0
