42 14 4 15 4 76 4 92 4 104 4 113 4 115 4 148 4 156 4 164 4 182 4 207 4 213 4 216 4 218 4 219 4 237 4 241 4 259 4 263 4 269 4 332 4 347 4 412 4 447 4 496 4 520 3 20 3 173 3 202 3 214 3 231 3 235 3 282 3 289 3 380 3 388 3 401 3 402 3 214 4 267 4 590 4
4 22 1 33 1 35 1 43 1
0
0
1 43 1
0
0
1 22 1
0
0
1 35 1
0
0
1 74 1
0
0
1 536 1
0
0
0
1 73 1
0
0
0
1 72 1
0
0
0
1 21 1
0
0
0
1 348 1
0
0
0
1 489 1
0
0
0
1 202 1
0
0
0
1 378 1
0
0
0
1 380 1
0
0
0
1 437 1
0
0
0
0
0
0
0
0
0
0
0
0
0
0
0
0
0
0
0
0
0
0
0
0
0
0
0
0
0
0
0
0
0
0
0
0
0
0
0
0
0
0
0
0
0
0
0
0
