46 14 4 15 4 85 4 91 4 92 4 103 2 104 4 156 4 164 4 175 2 182 4 193 2 207 4 213 4 216 4 218 4 228 2 231 2 237 4 240 4 241 4 247 4 263 4 279 2 372 2 374 4 447 4 496 4 514 4 526 4 67 3 162 3 173 3 214 3 231 3 270 3 283 3 343 3 387 3 401 3 402 3 428 3 441 3 495 3 214 4 590 4
1 33 1
0
1 43 1
0
0
1 44 1
0
1 117 1
0
0
1 197 1
0
1 28 1
0
0
1 242 1
0
1 95 1
0
0
1 162 1
0
1 495 1
0
0
1 526 1
0
1 158 1
0
0
1 212 1
0
1 226 1
0
0
1 21 1
0
0
0
0
0
0
0
0
0
0
0
0
0
0
0
0
0
0
0
0
0
0
0
0
0
0
0
0
0
0
0
0
0
0
0
0
0
0
0
0
0
0
0
0
0
0
0
0
0
0
0
0
0
0
0
0
0
0
0
0
0
0
0
0
