48 28 2 46 4 85 4 86 4 91 4 92 4 104 4 122 2 156 4 164 4 182 4 189 2 203 2 204 2 207 4 213 4 216 4 218 4 228 2 237 4 240 4 241 4 247 4 249 4 263 4 281 2 317 4 332 4 336 2 416 4 422 2 423 2 424 2 496 4 514 4 526 4 528 4 555 4 173 3 214 3 253 3 270 3 304 3 343 3 387 3 214 4 495 2 590 4
2 33 1 43 1
0
0
0
1 316 1
0
0
1 44 1
0
1 608 1
0
1 270 1
0
0
1 36 1
0
0
0
1 526 1
0
0
1 242 1
0
0
0
1 46 1
0
0
1 514 1
0
0
0
1 179 1
0
0
1 387 1
0
0
0
1 416 1
0
0
0
0
1 583 1
0
0
0
0
0
0
0
0
0
0
0
0
0
0
0
0
0
0
0
0
0
0
0
0
0
0
0
0
0
0
0
0
0
0
0
0
0
0
0
0
0
0
0
0
0
0
0
0
0
0
0
0
0
0
0
