51 15 4 63 4 86 4 92 4 104 4 138 4 156 4 164 4 168 4 182 4 207 4 213 4 216 4 218 4 237 4 240 4 241 4 244 4 247 4 249 4 259 4 263 4 269 4 332 4 371 4 373 4 416 4 421 4 447 4 468 4 496 4 497 4 555 4 173 3 180 3 214 3 231 3 271 3 272 3 282 3 289 3 304 3 343 3 369 4 399 3 402 3 441 3 492 3 214 4 399 4 590 4
4 10 1 28 1 45 1 274 1
0
1 45 1
0
0
1 274 1
0
0
0
1 28 1
0
1 154 1
0
0
1 228 1
0
0
0
1 259 1
0
0
1 252 1
0
0
0
1 468 1
0
0
0
0
1 372 1
0
0
1 163 1
0
0
0
1 269 1
0
0
0
0
1 400 1
0
0
0
1 289 1
0
0
1 417 1
0
0
0
0
1 389 1
0
0
1 583 1
0
0
0
0
0
0
0
0
0
0
0
0
0
0
0
0
0
0
0
0
0
0
0
0
0
0
0
0
0
0
0
0
0
0
0
0
0
0
0
0
0
0
