63 15 4 56 2 57 4 58 4 59 4 67 2 91 4 92 4 104 4 127 4 156 4 164 4 168 4 182 4 207 4 213 4 216 4 218 4 237 4 240 4 249 4 258 4 259 4 263 4 269 4 272 2 291 4 300 2 310 2 317 4 321 2 343 2 371 4 374 4 392 2 401 2 417 2 421 4 447 4 468 4 490 4 496 4 503 4 512 4 526 4 8 3 67 3 173 3 196 3 214 3 231 3 253 3 270 3 272 3 278 3 282 3 283 3 343 3 401 3 441 3 214 4 574 2 590 4
2 10 1 589 1
0
0
1 43 1
0
0
1 122 1
0
0
1 55 1
0
0
1 154 1
0
0
1 346 1
0
0
1 44 1
0
0
1 503 1
0
0
1 269 1
0
0
1 374 1
0
0
1 512 1
0
0
1 362 1
0
0
1 278 1
0
0
1 363 1
0
0
1 242 1
0
0
0
0
0
0
0
0
0
0
0
0
0
0
0
0
0
0
0
0
0
0
0
0
0
0
0
0
0
0
0
0
0
0
0
0
0
0
0
0
0
0
0
0
0
0
0
0
0
0
0
0
0
0
0
0
0
