59 15 4 57 4 58 4 59 4 63 4 91 4 92 4 104 4 127 4 156 4 157 4 164 4 168 4 182 4 207 4 213 4 216 4 218 4 237 4 240 4 249 4 258 4 259 4 263 4 269 4 280 4 291 4 317 4 371 4 374 4 411 4 416 4 421 4 447 4 468 4 490 4 496 4 503 4 512 4 526 4 8 3 67 3 173 3 196 3 214 3 231 3 253 3 270 3 272 3 276 3 278 3 282 3 283 3 343 3 401 3 441 3 214 4 590 4 612 4
4 43 1 122 1 154 1 503 1
0
0
0
0
0
0
0
0
0
0
0
0
0
0
0
0
0
0
0
0
0
0
0
0
0
0
0
0
0
0
0
0
0
0
0
0
0
0
0
0
0
0
0
0
0
0
0
0
0
0
0
0
0
0
0
0
0
0
0
0
0
0
0
0
0
0
0
0
0
0
0
0
0
0
0
0
0
0
0
0
0
0
0
0
0
0
0
0
0
0
0
0
0
0
0
0
0
0
0
