59 49 2 86 4 92 4 94 4 104 4 112 2 113 4 115 4 129 2 138 4 148 4 156 4 157 4 164 4 174 2 182 4 207 4 213 4 214 2 216 4 218 4 219 4 226 2 237 4 240 4 244 4 247 4 259 4 263 4 270 2 277 2 290 2 317 4 347 4 360 4 412 4 433 4 451 4 473 4 477 4 496 4 173 3 214 3 215 3 220 3 270 3 271 3 277 3 285 3 324 3 356 3 388 3 428 3 472 3 495 3 214 4 361 2 590 4 605 4
2 111 1 149 1
0
0
0
1 381 1
0
1 281 1
0
0
0
1 60 1
0
1 286 1
0
0
0
1 236 1
0
1 95 1
0
0
0
1 428 1
0
1 485 1
0
0
0
1 171 1
0
1 248 1
0
0
0
1 347 1
0
1 94 1
0
0
0
1 138 1
0
1 477 1
0
0
0
1 500 1
0
0
0
0
0
0
0
0
0
0
0
0
0
0
0
0
0
0
0
0
0
0
0
0
0
0
0
0
0
0
0
0
0
0
0
0
0
0
0
0
0
0
0
0
0
0
0
0
0
0
0
0
0
