40 19 4 92 4 95 2 104 4 156 4 164 4 182 4 207 4 211 2 213 4 216 4 218 4 234 2 237 4 240 4 241 4 253 2 263 4 269 4 273 2 332 4 365 4 369 4 381 2 496 4 497 4 516 2 526 4 143 3 173 3 214 3 253 3 257 3 355 3 366 3 211 4 214 4 355 4 400 2 590 4
1 16 1
0
0
1 45 1
0
0
0
1 43 1
0
0
1 98 1
0
0
0
1 314 1
0
0
1 355 1
0
0
0
1 197 1
0
0
1 269 1
0
0
0
1 403 1
0
0
1 13 1
0
0
0
1 297 1
0
0
1 207 1
0
0
0
1 263 1
0
0
1 366 1
0
0
0
1 143 1
0
0
0
0
0
0
0
0
0
0
0
0
0
0
0
0
0
0
0
0
0
0
0
0
0
0
0
0
0
0
0
0
0
0
0
0
0
0
0
0
0
0
0
0
0
0
0
0
0
0
