50 63 4 70 4 89 4 91 4 92 4 104 4 156 4 157 4 164 4 182 4 207 4 213 4 216 4 218 4 237 4 240 4 241 4 249 4 263 4 269 4 280 4 317 4 339 4 371 4 374 4 398 4 411 4 416 4 444 4 447 4 479 4 490 4 496 4 514 4 523 4 526 4 7 3 8 3 9 3 67 3 173 3 214 3 270 3 276 3 282 3 335 3 409 3 214 4 590 4 612 4
4 1 1 43 1 116 1 117 1
0
0
1 116 1
0
0
0
1 117 1
0
0
0
1 67 1
0
0
0
1 88 1
0
0
0
1 358 1
0
0
0
1 498 1
0
0
0
0
1 339 1
0
0
0
1 157 1
0
0
0
1 223 1
0
0
0
1 184 1
0
0
0
1 359 1
0
0
0
1 444 1
0
0
0
1 264 1
0
0
0
1 276 1
0
0
0
0
0
0
0
0
0
0
0
0
0
0
0
0
0
0
0
0
0
0
0
0
0
0
0
0
0
0
0
0
0
0
0
0
0
0
0
0
0
0
0
