39 54 2 57 4 92 4 104 4 156 4 164 4 173 2 182 4 188 4 207 4 213 4 214 2 216 4 218 4 237 4 240 4 258 4 263 4 287 2 300 2 352 2 414 2 426 2 482 4 496 4 497 4 503 4 173 3 196 3 214 3 253 3 283 3 304 3 340 3 414 3 214 4 495 2 590 4 611 4
2 45 1 145 1
0
0
0
1 48 1
0
0
0
1 496 1
0
0
1 61 1
0
0
0
1 341 1
0
0
0
1 392 1
0
0
1 253 1
0
0
0
1 330 1
0
0
0
1 240 1
0
0
1 175 1
0
0
0
1 497 1
0
0
0
1 56 1
0
0
1 304 1
0
0
0
0
0
0
0
0
0
0
0
0
0
0
0
0
0
0
0
0
0
0
0
0
0
0
0
0
0
0
0
0
0
0
0
0
0
0
0
0
0
0
0
0
0
0
0
0
0
0
0
0
0
0
0
