49 70 4 89 4 91 4 92 4 104 4 156 4 157 4 164 4 182 4 207 4 213 4 216 4 218 4 237 4 240 4 241 4 249 4 263 4 269 4 280 4 317 4 339 4 371 4 374 4 398 4 411 4 416 4 444 4 447 4 490 4 496 4 514 4 523 4 526 4 7 3 8 3 9 3 67 3 173 3 214 3 220 3 270 3 276 3 282 3 335 3 530 3 214 4 590 4 612 4
2 43 1 249 1
0
0
0
1 117 1
0
0
0
1 116 1
0
0
0
1 24 1
0
0
0
1 490 1
0
0
0
1 68 1
0
0
0
1 2 1
0
0
0
1 280 1
0
0
0
1 339 1
0
0
0
1 514 1
0
0
0
1 203 1
0
0
0
1 501 1
0
0
1 370 1
1 370 1
1 179 1
0
0
1 179 1
0
0
0
0
0
0
0
0
0
0
0
0
0
0
0
0
0
0
0
0
0
0
0
0
0
0
0
0
0
0
0
0
0
0
0
0
0
0
0
0
0
0
0
0
0
0
0
