116 5 4 6 4 25 4 34 4 36 4 38 4 55 4 57 4 58 4 59 4 61 4 66 4 68 4 69 4 70 4 91 4 92 4 99 4 102 4 104 4 117 4 129 4 130 4 156 4 164 4 8 4 29 4 58 2 60 2 94 2 95 2 113 2 127 4 148 4 173 4 174 4 182 4 189 4 193 2 196 4 203 4 207 4 213 4 214 4 216 4 218 4 223 4 231 4 237 4 240 4 244 4 248 2 249 4 250 4 58 3 238 2 258 4 263 4 264 4 280 4 287 2 290 4 291 4 332 4 347 4 352 4 5 3 8 3 25 3 34 3 38 3 68 3 69 3 102 3 129 3 164 3 173 3 189 3 196 3 203 3 207 3 214 3 223 3 244 3 94 4 109 2 281 2 362 4 363 4 374 4 421 4 426 2 445 4 291 3 324 3 401 3 428 3 29 3 227 2 272 3 388 3 113 4 214 2 290 2 468 4 473 4 477 4 485 2 496 4 503 4 231 3 472 3 493 2 499 2 590 4 612 4
2 10 1 346 1
0
0
1 39 1
1 39 1
0
0
1 55 1
1 55 1
1 50 1
1 50 1
0
0
1 50 1
1 93 1
1 93 1
0
2 93 1 352 1
0
0
0
2 352 1 154 1
1 103 1
0
1 103 1
0
1 154 1
1 39 1
1 428 1
0
3 50 1 244 1 103 1
1 401 1
0
0
2 244 1 487 1
2 93 1 487 1
0
0
1 244 1
3 154 1 428 1 244 1
0
0
2 154 1 133 1
2 133 1 428 1
0
1 56 1
0
2 56 1 133 1
0
2 56 1 472 1
0
1 56 1
1 56 1
0
0
0
1 472 1
0
0
0
0
0
0
0
0
0
0
0
0
0
0
0
0
0
0
0
0
0
0
0
0
0
0
0
0
0
0
0
0
0
0
0
0
0
0
0
0
0
0
0
