43 63 4 76 4 92 4 94 4 104 4 113 4 138 4 148 4 156 4 164 4 168 4 182 4 207 4 213 4 216 4 218 4 219 4 237 4 241 4 247 4 263 4 269 4 369 4 374 4 412 4 416 4 433 4 447 4 496 4 173 3 202 3 214 3 270 3 282 3 283 3 343 3 366 3 388 3 402 3 214 4 267 4 590 4 605 4
4 72 1 73 1 74 1 178 1
0
0
0
0
0
0
0
0
1 16 1
0
0
0
0
0
0
0
0
0
0
0
0
0
0
0
0
0
1 366 1
0
0
0
0
0
0
0
0
0
0
0
0
0
0
0
0
0
1 542 1
0
0
0
1 585 1
0
0
0
0
0
0
0
0
0
0
0
0
0
0
0
0
0
0
0
0
0
0
0
0
0
0
0
0
0
0
0
0
0
0
0
0
0
0
0
0
0
0
0
0
0
0
0
0
0
0
