67 15 4 46 4 63 4 70 4 89 4 91 4 92 4 104 4 156 4 157 4 164 4 168 4 182 4 188 4 201 4 207 4 213 4 216 4 218 4 237 4 249 4 259 4 263 4 269 4 280 4 317 4 332 4 337 4 339 4 371 4 373 4 374 4 411 4 416 4 421 4 444 4 447 4 468 4 479 4 490 4 496 4 510 4 514 4 523 4 525 4 555 4 67 3 173 3 180 3 200 3 214 3 231 3 253 3 276 3 282 3 289 3 335 3 399 3 401 3 406 3 414 3 446 3 492 3 214 4 399 4 590 4 612 4
5 28 1 43 1 44 1 99 1 200 1
0
0
1 44 1
0
0
1 28 1
0
0
1 259 1
0
0
1 328 1
0
0
1 372 1
0
0
1 189 1
0
0
1 373 1
0
0
1 207 1
0
0
1 242 1
0
0
0
1 91 1
0
0
0
1 184 1
0
0
0
0
0
1 492 1
0
0
0
0
0
1 201 1
0
0
0
0
0
1 89 1
0
0
0
0
0
1 200 1
0
0
0
0
0
0
0
0
0
0
0
0
0
0
0
0
0
0
0
0
0
0
0
0
0
0
0
0
0
0
0
0
0
0
0
0
0
0
0
0
