65 19 4 58 4 63 4 76 4 86 4 92 4 94 4 104 4 113 4 115 4 138 4 148 4 156 4 164 4 168 4 182 4 207 4 211 2 213 4 216 4 218 4 219 4 237 4 240 4 244 4 246 2 247 4 263 4 285 2 332 4 347 4 355 2 365 4 375 2 412 4 430 4 433 4 451 4 473 4 477 4 479 4 496 4 500 2 143 3 173 3 196 3 214 3 257 3 271 3 277 3 285 3 324 3 355 3 356 3 366 3 399 3 428 3 478 3 211 4 214 4 248 2 355 4 399 4 590 4 605 4
2 16 1 357 1
0
0
1 95 1
0
0
0
1 149 1
0
0
1 366 1
0
0
1 18 1
0
0
0
1 60 1
0
0
1 314 1
0
0
1 113 1
0
0
0
1 115 1
0
0
1 485 1
0
0
1 119 1
0
0
0
1 356 1
0
0
1 403 1
0
0
1 94 1
0
0
0
1 322 1
0
1 143 1
1 143 1
0
0
0
0
0
0
0
0
0
0
0
0
0
0
0
0
0
0
0
0
0
0
0
0
0
0
0
0
0
0
0
0
0
0
0
0
0
0
0
0
0
0
0
0
0
0
0
0
0
