47 57 4 58 4 59 4 63 4 70 4 89 4 91 4 92 4 104 4 127 4 156 4 157 4 164 4 182 4 201 4 207 4 213 4 216 4 218 4 237 4 240 4 249 4 263 4 291 4 317 4 397 4 411 4 416 4 444 4 479 4 496 4 503 4 523 4 67 3 173 3 196 3 214 3 231 3 276 3 334 3 335 3 401 3 414 3 442 3 446 3 214 4 590 4
4 55 1 110 1 117 1 205 1
0
0
0
1 205 1
0
0
1 44 1
0
0
1 182 1
0
0
0
1 453 1
0
0
1 246 1
0
0
1 242 1
0
0
0
1 469 1
0
0
1 362 1
0
0
1 479 1
0
0
0
1 174 1
0
0
0
0
1 504 1
0
0
0
0
1 401 1
0
0
0
0
0
1 157 1
0
0
0
0
1 240 1
0
0
0
0
1 56 1
0
0
0
0
0
0
0
0
0
0
0
0
0
0
0
0
0
0
0
0
0
0
0
0
0
0
0
0
0
0
0
0
0
0
0
0
0
0
0
