64 85 4 86 4 92 4 94 4 104 4 113 4 115 4 138 4 148 4 156 4 157 4 164 4 168 4 182 4 207 4 212 2 213 4 216 4 218 4 219 4 237 4 240 4 243 2 244 4 247 4 253 2 259 4 263 4 269 4 317 4 347 4 357 2 371 4 373 4 374 4 399 2 412 4 433 4 445 2 447 4 451 4 473 4 477 4 496 4 173 3 214 3 215 3 253 3 270 3 271 3 272 3 277 3 278 3 285 3 289 3 324 3 343 3 356 3 428 3 478 3 492 3 214 4 505 2 590 4
1 1 1
0
1 93 1
0
0
0
1 321 1
1 589 1
0
1 313 1
0
0
0
1 3 1
0
1 60 1
0
0
1 373 1
0
0
0
0
1 185 1
1 473 1
0
0
1 260 1
0
0
1 248 1
0
1 377 1
0
0
0
1 94 1
0
0
1 477 1
0
0
0
0
0
1 204 1
0
1 478 1
0
0
0
0
0
0
0
0
0
0
0
0
0
0
0
0
0
0
0
0
0
0
0
0
0
0
0
0
0
0
0
0
0
0
0
0
0
0
0
0
0
0
0
0
0
0
0
0
0
0
0
0
