81 34 4 36 4 38 4 82 4 91 4 92 4 99 4 102 4 104 4 115 4 117 4 126 4 129 4 130 4 156 4 164 4 29 4 34 2 37 2 46 4 83 2 173 4 174 4 182 4 203 4 207 4 213 4 214 4 216 4 218 4 219 2 225 4 231 4 237 4 241 4 242 2 249 4 53 3 53 4 70 4 168 4 257 2 263 4 290 4 315 4 332 4 336 2 34 3 38 3 102 3 129 3 164 3 173 3 203 3 207 3 214 3 38 2 261 4 363 4 394 2 445 4 189 3 257 3 270 3 29 3 234 2 24 2 219 4 231 2 343 2 370 2 488 4 496 4 510 4 514 4 528 4 555 4 200 3 231 3 343 3 590 4
2 44 1 46 1
0
0
0
0
1 52 1
1 52 1
1 43 1
2 52 1 43 1
1 316 1
0
1 270 1
1 43 1
1 316 1
0
0
2 270 1 172 1
2 52 1 43 1
2 316 1 179 1
1 172 1
1 424 1
0
2 43 1 36 1
0
2 36 1 179 1
1 36 1
0
2 424 1 481 1
0
2 36 1 97 1
3 172 1 36 1 481 1
1 514 1
0
3 172 1 53 1 36 1
0
0
1 270 1
0
3 97 1 53 1 242 1
0
1 257 1
2 97 1 242 1
2 97 1 200 1
0
3 257 1 242 1 394 1
0
0
2 394 1 514 1
1 53 1
1 53 1
1 257 1
0
0
0
0
1 394 1
0
0
0
0
0
0
0
0
0
0
0
0
0
0
0
0
0
0
0
0
0
0
0
0
0
0
0
0
0
0
0
0
0
0
0
0
0
0
0
0
0
0
0
0
