50 15 4 85 4 86 4 87 4 92 4 104 4 113 4 148 4 156 4 164 4 182 4 204 2 207 4 213 4 216 4 218 4 226 2 231 2 237 4 240 4 263 4 269 4 310 2 321 2 332 4 343 2 351 2 355 2 369 4 374 4 403 2 451 4 496 4 512 4 521 4 528 4 173 3 214 3 231 3 270 3 282 3 324 3 343 3 355 3 366 3 387 3 214 4 355 4 569 2 590 4
1 84 1
0
0
1 98 1
0
0
1 39 1
0
0
1 268 1
0
0
1 209 1
0
1 609 1
1 228 1
0
0
1 104 1
0
0
1 351 1
0
0
0
1 486 1
0
0
0
1 512 1
0
0
0
1 113 1
0
0
0
1 227 1
0
0
0
1 521 1
0
0
0
1 97 1
0
0
0
1 435 1
0
0
0
0
0
0
0
0
0
0
0
0
0
0
0
0
0
0
0
0
0
0
0
0
0
0
0
0
0
0
0
0
0
0
0
0
0
0
0
0
0
0
0
0
0
0
0
0
0
0
