39 14 4 15 4 30 2 68 2 92 4 103 2 104 4 156 4 164 4 182 4 185 2 206 4 207 4 213 4 216 4 218 4 224 2 228 2 237 4 240 4 263 4 282 2 332 4 398 4 404 4 412 4 450 2 496 4 522 4 173 3 202 3 214 3 282 3 334 3 450 3 214 4 529 2 590 4 611 4
1 64 1
0
0
1 43 1
0
0
0
1 203 1
0
0
0
0
1 210 1
0
0
1 31 1
0
0
0
1 29 1
0
0
0
0
1 206 1
0
0
1 405 1
0
0
0
1 163 1
0
0
0
0
1 36 1
0
0
1 184 1
0
0
0
1 404 1
0
0
0
0
1 175 1
0
0
1 14 1
0
0
0
1 38 1
0
0
0
0
0
0
0
0
0
0
0
0
0
0
0
0
0
0
0
0
0
0
0
0
0
0
0
0
0
0
0
0
0
0
0
0
0
0
0
0
0
0
0
0
