42 54 2 57 4 58 4 59 4 92 4 94 4 104 4 113 4 127 4 156 4 164 4 182 4 203 2 207 4 213 4 216 4 218 4 219 4 220 2 237 4 240 4 243 2 244 4 247 4 258 4 263 4 287 2 291 4 321 2 347 4 496 4 503 4 173 3 196 3 214 3 220 3 270 3 277 3 282 3 340 3 214 4 590 4
5 1 1 346 1 56 1 361 1 469 1
0
0
0
1 392 1
0
0
0
1 453 1
0
0
0
1 3 1
0
0
0
1 505 1
0
0
0
1 182 1
0
0
0
1 352 1
0
0
0
1 358 1
0
0
0
1 487 1
0
0
0
1 273 1
0
0
0
1 362 1
0
0
0
1 219 1
0
0
0
1 270 1
0
0
0
1 469 1
0
0
0
1 361 1
0
0
0
1 56 1
0
0
0
0
0
0
0
0
0
0
0
0
0
0
0
0
0
0
0
0
0
0
0
0
0
0
0
0
0
0
0
0
0
0
0
0
0
0
0
