41 15 4 63 4 85 4 86 4 87 4 92 4 104 4 113 4 148 4 156 4 164 4 168 4 182 4 207 4 213 4 216 4 218 4 237 4 240 4 263 4 398 4 404 4 412 4 416 4 451 4 496 4 521 4 522 4 528 4 173 3 202 3 214 3 324 3 340 3 380 3 393 3 450 3 527 3 214 4 590 4 611 4
5 81 1 86 1 141 1 169 1 564 1
0
0
1 86 1
0
0
1 103 1
0
0
0
0
1 210 1
0
0
1 527 1
0
0
1 450 1
0
0
0
0
1 380 1
0
0
1 163 1
0
0
1 486 1
0
0
0
0
1 324 1
0
0
0
0
0
1 97 1
0
0
0
0
0
1 389 1
0
0
0
0
0
0
0
1 435 1
0
0
0
0
0
1 405 1
0
0
0
0
1 564 1
0
0
0
0
0
0
0
0
0
0
0
0
0
0
0
0
0
0
0
0
0
0
0
0
0
0
0
0
0
0
0
0
0
0
0
