57 15 4 46 4 53 4 63 4 70 4 85 4 86 4 87 4 92 4 104 4 113 4 148 4 156 4 157 4 164 4 182 4 207 4 213 4 216 4 218 4 237 4 240 4 249 4 263 4 280 4 317 4 337 4 369 4 416 4 430 4 447 4 451 4 468 4 496 4 512 4 521 4 525 4 528 4 7 3 9 3 20 3 162 3 173 3 202 3 214 3 231 3 276 3 282 3 324 3 340 3 380 3 393 3 401 3 409 3 214 4 590 4 612 4
10 29 1 51 1 242 1 306 1 435 1 37 1 192 1 380 1 489 1 569 1
0
0
0
0
0
0
0
0
0
0
0
0
0
0
0
0
0
0
0
0
0
0
0
0
0
0
0
0
0
0
0
0
0
0
0
0
0
0
0
0
0
0
0
0
0
0
0
0
0
0
0
0
0
0
0
0
0
0
0
0
0
0
0
0
0
0
0
0
0
0
0
0
0
0
0
0
0
0
0
0
0
0
0
0
0
0
0
0
0
0
0
0
0
0
0
0
0
0
0
