57 63 4 85 4 86 4 92 4 94 4 104 4 113 4 115 4 138 4 148 4 156 4 157 4 164 4 168 4 182 4 207 4 213 4 216 4 218 4 219 4 237 4 240 4 244 4 247 4 263 4 317 4 347 4 373 4 412 4 416 4 433 4 451 4 473 4 477 4 496 4 497 4 502 4 173 3 214 3 220 3 253 3 271 3 272 3 277 3 278 3 285 3 289 3 324 3 356 3 399 3 428 3 472 3 495 3 211 4 214 4 399 4 590 4
6 45 1 93 1 357 1 377 1 472 1 485 1
0
0
1 45 1
0
0
0
1 377 1
0
0
1 357 1
0
0
0
1 60 1
0
0
1 29 1
0
0
0
1 237 1
0
0
1 286 1
0
0
0
1 493 1
0
0
1 428 1
0
0
0
1 244 1
0
0
1 94 1
0
0
0
0
0
1 347 1
0
0
0
0
1 105 1
0
0
0
0
0
1 470 1
0
1 471 1
0
0
0
0
1 485 1
0
0
0
0
1 472 1
0
0
0
0
0
0
0
0
0
0
0
0
0
0
0
0
0
0
0
0
0
0
0
0
0
0
0
0
0
0
0
0
