48 8 2 15 4 57 4 58 4 59 4 70 4 91 4 92 4 104 4 156 4 164 4 182 4 207 4 213 4 214 2 216 4 218 4 227 2 237 4 240 4 249 4 258 4 263 4 264 2 281 2 317 4 332 4 372 2 374 4 400 2 419 2 421 4 447 4 468 4 496 4 497 4 524 4 8 3 67 3 173 3 196 3 214 3 276 3 343 3 214 4 583 2 590 4 612 4
2 181 1 45 1
0
0
0
2 45 1 181 1
0
0
0
1 117 1
0
0
0
1 196 1
0
1 589 1
0
1 154 1
0
0
0
1 362 1
0
0
0
1 203 1
0
0
0
1 204 1
0
0
0
1 163 1
0
0
1 175 1
0
0
0
0
1 156 1
0
0
0
1 59 1
0
0
0
1 258 1
0
0
0
1 37 1
0
0
0
1 329 1
0
0
0
0
0
0
0
0
0
0
0
0
0
0
0
0
0
0
0
0
0
0
0
0
0
0
0
0
0
0
0
0
0
0
0
0
0
0
0
0
0
0
0
