57 57 4 85 4 86 4 87 4 89 4 91 4 92 4 104 4 148 4 156 4 157 4 164 4 174 2 180 2 182 4 188 4 201 4 207 4 209 2 213 4 214 2 216 4 218 4 220 2 237 4 240 4 263 4 281 2 310 2 317 4 351 2 371 4 414 2 444 4 482 4 496 4 503 4 523 4 173 3 180 3 214 3 220 3 253 3 283 3 340 3 393 3 401 3 414 3 446 3 492 3 527 3 214 4 382 2 513 2 590 4 598 2 611 4
6 189 1 300 1 33 1 55 1 90 1 175 1
0
0
0
1 117 1
0
0
0
1 84 1
0
0
0
1 341 1
0
0
0
1 293 1
0
0
0
1 426 1
0
0
0
1 435 1
0
0
0
0
1 203 1
0
0
0
0
1 340 1
0
0
0
0
1 330 1
0
0
0
0
1 85 1
0
0
0
0
1 279 1
0
0
0
0
1 175 1
0
0
0
0
0
1 90 1
0
0
0
0
0
0
0
0
0
0
0
0
0
0
0
0
0
0
0
0
0
0
0
0
0
0
0
0
0
0
0
0
0
0
0
0
0
0
0
