59 14 4 67 2 70 4 91 4 92 4 104 4 115 4 156 4 157 4 164 4 182 4 203 2 207 4 213 4 216 4 218 4 226 2 233 2 237 4 240 4 241 4 244 4 249 4 263 4 265 2 269 4 280 4 282 2 317 4 332 4 339 4 347 4 364 2 369 4 371 4 374 4 382 2 398 4 411 4 444 4 447 4 490 4 496 4 512 4 514 4 526 4 67 3 173 3 214 3 270 3 272 3 282 3 340 3 409 3 530 3 214 4 502 2 590 4 612 4
1 1 1
0
0
0
1 96 1
0
0
0
1 197 1
0
0
0
1 252 1
0
0
0
1 3 1
0
0
0
1 129 1
0
0
0
1 347 1
0
0
0
1 395 1
0
0
0
1 409 1
0
0
0
1 26 1
0
0
0
1 369 1
0
0
0
1 501 1
0
0
0
1 340 1
1 136 1
0
0
1 136 1
0
0
0
1 179 1
0
0
0
1 396 1
0
0
0
0
0
0
0
0
0
0
0
0
0
0
0
0
0
0
0
0
0
0
0
0
0
0
0
0
0
0
0
0
0
0
0
0
0
0
0
