75 15 4 46 4 53 4 57 4 63 4 70 4 89 4 91 4 92 4 104 4 137 2 156 4 157 4 164 4 182 4 185 2 188 4 207 4 213 4 216 4 218 4 228 2 231 2 232 2 237 4 240 4 241 4 249 4 259 4 263 4 269 4 289 2 306 2 317 4 332 4 337 4 342 2 371 4 374 4 389 2 411 4 416 4 421 4 422 2 424 2 430 4 434 3 451 4 468 4 479 4 496 4 510 4 514 4 523 4 525 4 555 4 7 3 9 3 173 3 200 3 214 3 231 3 257 3 276 3 289 3 399 3 401 3 406 3 441 3 442 3 446 3 214 4 399 4 590 4 612 4
2 10 1 43 1
0
0
0
1 468 1
0
0
0
1 44 1
0
0
0
1 184 1
0
0
0
0
1 82 1
0
0
1 163 1
0
0
0
1 242 1
0
1 337 1
0
0
0
1 498 1
0
0
0
1 279 1
0
0
0
0
1 400 1
0
0
0
0
1 525 1
0
0
0
1 431 1
0
0
0
0
0
1 276 1
0
0
0
0
0
0
1 200 1
0
0
0
0
0
0
0
0
0
0
0
0
0
0
0
0
0
0
0
0
0
0
0
0
0
0
0
0
0
0
0
0
0
0
0
0
0
0
