51 14 4 15 4 23 2 29 2 57 4 70 4 89 4 92 4 104 4 130 2 133 2 156 4 157 4 164 4 182 4 189 2 207 4 213 4 216 4 218 4 237 4 240 4 241 4 249 4 263 4 269 4 317 4 332 4 341 2 371 4 398 4 416 4 431 2 442 2 444 4 496 4 514 4 523 4 526 4 528 4 173 3 200 3 214 3 253 3 276 3 283 3 428 3 442 3 214 4 562 2 590 4
2 43 1 228 1
0
0
0
0
1 99 1
0
0
0
0
1 31 1
0
0
0
0
1 30 1
0
0
0
0
1 184 1
0
0
0
0
1 279 1
0
0
0
0
1 543 1
0
0
0
0
1 116 1
0
0
0
0
1 224 1
0
0
0
0
1 179 1
0
0
0
1 37 1
1 37 1
0
0
0
0
1 14 1
0
0
0
0
1 416 1
0
0
0
0
0
0
0
0
0
0
0
0
0
0
0
0
0
0
0
0
0
0
0
0
0
0
0
0
0
0
0
0
0
0
0
0
0
0
0
