50 15 4 19 4 63 4 92 4 104 4 156 4 164 4 168 4 182 4 207 4 213 4 216 4 218 4 237 4 240 4 241 4 244 4 247 4 249 4 259 4 263 4 269 4 317 4 332 4 365 4 369 4 371 4 373 4 416 4 496 4 510 4 514 4 555 4 143 3 173 3 214 3 257 3 282 3 289 3 334 3 335 3 355 3 366 3 399 3 492 3 211 4 214 4 355 4 399 4 590 4
8 16 1 31 1 43 1 365 1 18 1 119 1 198 1 413 1
0
0
0
1 31 1
0
0
0
0
1 365 1
0
0
0
1 417 1
0
0
0
0
1 260 1
0
0
0
1 185 1
0
0
0
0
1 386 1
0
0
0
1 432 1
0
0
0
0
1 366 1
0
0
0
1 403 1
0
0
0
0
1 399 1
0
0
0
1 373 1
1 198 1
0
0
0
0
0
1 18 1
0
0
0
0
0
1 413 1
0
0
0
0
0
0
1 119 1
0
0
0
0
0
0
0
0
0
0
0
0
0
0
0
0
0
0
0
0
0
0
0
0
0
0
0
0
0
0
