59 15 4 34 2 35 2 53 4 76 4 91 4 92 4 104 4 126 4 156 4 164 4 168 4 174 2 182 4 185 2 207 4 213 4 214 2 216 4 218 4 228 2 237 4 240 4 241 4 249 4 257 2 261 4 263 4 269 4 317 4 321 2 332 4 374 4 389 2 400 2 411 4 416 4 421 4 468 4 496 4 510 4 7 3 9 3 20 3 67 3 173 3 202 3 214 3 257 3 276 3 278 3 282 3 289 3 380 3 450 3 214 4 562 2 590 4 612 4
5 122 1 510 1 33 1 468 1 517 1
0
0
0
0
1 316 1
0
0
0
0
1 20 1
0
0
0
0
1 83 1
0
0
0
0
1 154 1
0
0
0
0
1 289 1
0
0
0
0
1 481 1
0
0
0
0
1 450 1
0
0
0
0
1 163 1
0
0
1 133 1
0
1 133 1
1 53 1
0
0
3 254 1 255 1 256 1
1 53 1
0
0
0
0
3 254 1 255 1 256 1
0
0
0
0
1 517 1
0
0
0
0
0
0
0
0
0
0
0
0
0
0
0
0
0
0
0
0
0
0
0
0
0
0
0
0
0
0
0
0
0
0
0
0
0
0
0
