67 19 4 46 4 53 4 57 4 63 4 70 4 86 4 89 4 92 4 104 4 115 4 126 4 156 4 157 4 164 4 168 4 182 4 207 4 213 4 216 4 218 4 237 4 240 4 241 4 244 4 249 4 259 4 263 4 269 4 317 4 369 4 371 4 411 4 416 4 430 4 434 3 444 4 451 4 496 4 497 4 510 4 512 4 523 4 525 4 526 4 173 3 180 3 200 3 214 3 231 3 253 3 257 3 276 3 304 3 324 3 355 3 366 3 399 3 401 3 406 3 414 3 428 3 211 4 214 4 355 4 399 4 590 4
6 44 1 82 1 116 1 161 1 200 1 304 1
0
0
1 116 1
0
0
0
0
1 44 1
0
0
1 29 1
0
0
0
0
1 225 1
0
0
1 46 1
0
0
0
0
1 242 1
0
0
1 21 1
0
0
0
1 406 1
0
0
0
0
0
1 526 1
0
0
0
1 407 1
0
0
0
0
0
1 34 1
0
0
0
0
0
0
1 184 1
0
0
0
0
0
0
0
0
0
0
0
0
1 304 1
0
0
0
0
0
0
0
0
0
0
1 200 1
0
0
0
0
0
0
0
0
0
0
0
0
0
0
0
0
0
0
0
0
0
