44 53 4 76 4 81 2 92 4 94 4 104 4 106 2 113 4 126 4 156 4 164 4 182 4 193 2 203 2 207 4 216 4 218 4 219 4 234 2 237 4 241 4 261 4 263 4 315 4 347 4 369 4 393 2 428 2 488 4 496 4 510 4 512 4 522 4 528 4 173 3 202 3 214 3 257 3 324 3 393 3 428 3 450 3 214 4 590 4
2 52 1 81 1
0
0
0
0
0
0
0
0
1 141 1
0
0
0
0
0
0
0
0
0
1 36 1
0
0
0
0
0
0
0
0
0
1 488 1
0
0
0
0
0
0
0
0
0
1 450 1
0
0
0
0
0
0
0
0
0
1 38 1
0
0
0
0
0
0
0
0
0
1 172 1
0
0
0
0
0
0
0
0
0
1 405 1
0
0
0
0
0
0
0
0
0
1 133 1
0
0
0
0
0
0
0
0
0
1 37 1
0
0
0
0
0
0
0
0
0
1 394 1
