50 14 4 15 4 46 4 63 4 70 4 86 4 92 4 104 4 115 4 156 4 164 4 182 4 201 4 206 4 207 4 216 4 218 4 219 4 237 4 244 4 249 4 263 4 269 4 332 4 347 4 397 4 398 4 404 4 411 4 416 4 430 4 444 4 468 4 496 4 514 4 521 4 526 4 173 3 214 3 270 3 276 3 334 3 335 3 340 3 393 3 428 3 442 3 446 3 214 4 590 4
6 43 1 98 1 368 1 370 1 501 1 526 1
0
0
0
0
0
1 24 1
0
0
0
0
0
1 232 1
0
0
0
0
0
1 36 1
0
0
0
0
0
1 270 1
0
0
0
0
0
1 514 1
0
0
0
0
0
1 442 1
0
0
0
0
1 533 1
0
0
0
0
0
0
1 14 1
0
0
0
0
0
1 501 1
0
0
0
0
0
1 526 1
0
0
0
0
0
1 368 1
0
0
0
0
0
1 370 1
0
0
0
0
0
0
0
0
0
0
0
0
0
0
0
0
0
0
0
0
0
0
0
0
0
0
0
