107 5 4 25 4 34 4 36 4 38 4 55 4 57 4 58 4 59 4 61 4 66 4 68 4 69 4 70 4 91 4 92 4 99 4 102 4 104 4 115 4 117 4 130 4 156 4 164 4 8 4 29 4 54 2 93 2 111 4 114 2 127 4 173 4 174 4 175 2 182 4 189 4 193 2 196 4 203 4 205 4 207 4 213 4 214 4 216 4 218 4 223 4 231 4 237 4 240 4 243 2 249 4 250 4 58 3 258 4 263 4 264 4 280 4 281 2 287 2 290 4 291 4 300 2 352 4 5 3 8 3 25 3 34 3 38 3 68 3 69 3 102 3 111 3 164 3 173 3 189 3 196 3 203 3 205 3 207 3 214 3 223 3 252 2 317 4 330 2 360 4 362 4 363 4 374 4 392 2 445 4 453 2 291 3 334 3 401 3 428 3 29 3 323 2 362 2 496 4 503 4 518 3 231 3 396 2 406 2 430 2 590 4 612 4
2 33 1 39 1
0
0
1 39 1
0
0
2 145 1 55 1
1 145 1
0
1 110 1
0
0
2 55 1 145 1
0
1 55 1
1 44 1
0
1 44 1
1 229 1
0
0
2 44 1 182 1
1 229 1
0
1 352 1
0
0
3 110 1 182 1 401 1
0
0
1 130 1
0
1 240 1
2 240 1 334 1
1 130 1
0
2 56 1 240 1
0
0
2 130 1 56 1
0
1 56 1
0
0
0
0
1 56 1
0
0
0
0
0
0
0
0
0
0
0
0
0
0
0
0
0
0
0
0
0
0
0
0
0
0
0
0
0
0
0
0
0
0
0
0
0
0
0
0
0
0
0
0
0
0
0
0
0
0
0
0
0
