59 14 4 15 4 36 4 38 4 72 4 76 4 92 4 99 4 102 4 104 4 115 4 117 4 156 4 164 4 148 4 173 4 174 4 182 4 188 4 202 4 203 4 207 4 213 4 214 4 216 4 218 4 230 4 237 4 241 4 168 4 263 4 290 4 331 4 14 3 38 3 102 3 164 3 173 3 203 3 207 3 214 3 363 4 412 4 445 4 447 4 235 3 282 3 380 3 389 3 402 3 388 3 474 4 496 4 20 3 202 3 450 3 267 4 590 4 611 4
3 22 1 35 1 74 1
0
0
0
0
1 74 1
1 74 1
0
0
0
1 35 1
0
2 35 1 79 1
0
2 77 1 79 1
0
2 77 1 78 1
1 79 1
1 78 1
0
0
0
2 78 1 51 1
1 51 1
0
0
1 282 1
0
2 51 1 230 1
0
0
0
1 230 1
0
1 380 1
0
0
1 75 1
1 75 1
0
1 21 1
1 75 1
0
0
0
0
1 378 1
0
1 21 1
0
0
0
0
1 21 1
0
0
0
0
0
0
0
0
0
0
0
0
0
0
0
0
0
0
0
0
0
0
0
0
0
0
0
0
0
0
0
0
0
0
0
0
0
0
0
0
0
0
0
0
0
0
