81 14 4 15 4 36 4 38 4 55 4 57 4 58 4 59 4 61 4 72 4 92 4 99 4 102 4 104 4 115 4 117 4 130 4 156 4 164 4 62 2 114 2 173 4 174 4 182 4 188 4 196 4 202 4 203 4 207 4 213 4 214 4 216 4 218 4 219 2 229 2 237 4 240 4 243 2 250 4 58 3 109 2 127 4 168 4 258 4 263 4 290 4 291 4 352 4 14 3 38 3 102 3 164 3 173 3 196 3 203 3 207 3 214 3 282 2 362 4 363 4 367 2 371 4 398 4 445 4 282 3 291 3 277 3 330 2 145 2 219 4 321 2 392 2 474 4 482 4 496 4 503 4 20 3 202 3 590 4 605 4 611 4
2 51 1 40 1
0
0
0
1 48 1
1 48 1
1 48 1
1 132 1
0
0
0
2 132 1 51 1
1 35 1
0
1 390 1
0
0
1 40 1
2 51 1 61 1
0
0
2 55 1 35 1
0
0
1 61 1
2 112 1 491 1
1 132 1
0
2 352 1 112 1
1 35 1
0
0
3 112 1 398 1 352 1
0
0
3 112 1 103 1 398 1
0
0
0
2 103 1 56 1
0
0
3 103 1 378 1 506 1
0
0
0
1 56 1
1 56 1
1 56 1
1 482 1
0
0
0
1 378 1
0
0
0
0
0
0
0
0
0
0
0
0
0
0
0
0
0
0
0
0
0
0
0
0
0
0
0
0
0
0
0
0
0
0
0
0
0
0
0
0
0
0
0
0
0
0
