104 5 4 34 4 36 4 38 4 66 4 68 4 69 4 70 4 89 4 90 4 91 4 92 4 99 4 102 4 104 4 117 4 118 4 120 4 126 4 153 4 156 4 157 4 164 4 5 2 7 4 29 4 111 4 157 2 173 4 174 4 182 4 189 4 201 4 203 4 205 4 207 4 213 4 214 4 216 4 218 4 223 4 237 4 241 4 249 4 53 3 53 4 263 4 264 4 280 4 290 4 317 4 335 2 5 3 7 3 34 3 38 3 68 3 69 3 102 3 111 3 118 3 153 3 157 3 164 3 173 3 189 3 203 3 205 3 207 3 214 3 223 3 175 2 359 2 360 4 363 4 374 4 397 4 431 4 444 4 445 4 446 4 9 3 246 3 276 3 389 3 414 3 29 3 174 2 335 3 203 2 264 2 431 2 475 2 479 4 496 4 510 4 523 4 120 3 334 3 446 3 267 4 469 2 590 4 612 4
2 33 1 111 1
0
0
1 300 1
0
2 111 1 300 1
0
1 397 1
0
0
2 111 1 88 1
0
0
0
1 222 1
2 88 1 222 1
0
2 120 1 205 1
0
0
1 120 1
2 205 1 350 1
0
0
2 350 1 479 1
2 106 1 205 1
0
0
2 89 1 120 1
0
3 89 1 205 1 350 1
2 153 1 523 1
0
0
0
4 153 1 89 1 38 1 446 1
0
0
2 444 1 89 1
0
1 153 1
0
1 153 1
0
0
1 38 1
0
0
0
1 444 1
0
0
0
0
0
0
0
0
0
0
0
0
0
0
0
0
0
0
0
0
0
0
0
0
0
0
0
0
0
0
0
0
0
0
0
0
0
0
0
0
0
0
0
0
0
0
0
0
0
0
