70 32 4 34 4 36 4 38 4 92 4 99 4 102 4 104 4 115 4 117 4 126 4 129 4 130 4 156 4 164 4 24 2 29 4 37 2 95 2 98 2 172 2 173 4 174 4 182 4 203 4 204 2 207 4 213 4 214 4 216 4 218 4 231 4 237 4 241 4 53 3 38 2 53 4 70 4 76 4 263 4 290 4 315 4 34 3 38 3 102 3 129 3 164 3 173 3 203 3 207 3 214 3 32 2 261 4 363 4 445 4 257 3 340 3 29 3 234 2 67 2 445 2 488 4 496 4 497 4 510 4 528 4 67 3 231 3 502 2 590 4
4 52 1 33 1 98 1 45 1
0
0
2 45 1 39 1
1 45 1
1 39 1
1 45 1
1 39 1
2 39 1 52 1
2 39 1 52 1
0
0
2 52 1 172 1
1 52 1
1 172 1
1 52 1
1 23 1
0
1 23 1
0
1 488 1
0
0
1 83 1
1 83 1
1 83 1
0
1 36 1
1 36 1
1 39 1
1 36 1
1 23 1
2 97 1 517 1
2 36 1 97 1
1 45 1
0
2 126 1 97 1
2 97 1 126 1
1 83 1
0
1 126 1
1 340 1
2 36 1 97 1
1 340 1
1 340 1
1 394 1
0
2 97 1 394 1
1 394 1
0
0
0
1 126 1
0
0
0
0
0
0
0
0
0
0
0
0
0
0
0
0
0
0
0
0
0
0
0
0
0
0
0
0
0
0
0
0
0
0
0
0
0
0
0
0
0
0
0
0
0
0
0
