68 18 4 19 4 34 4 36 4 38 4 92 4 99 4 102 4 104 4 115 4 117 4 130 4 143 4 156 4 161 4 164 4 48 2 98 2 114 2 129 4 168 4 173 4 174 4 175 2 182 4 185 2 189 4 203 4 207 4 211 4 213 4 214 4 216 4 218 4 237 4 241 4 263 4 283 2 290 4 332 4 34 3 38 3 102 3 129 3 164 3 173 3 189 3 203 3 207 3 214 3 119 2 355 4 363 4 365 4 413 2 445 4 253 3 282 3 283 3 314 3 363 2 372 2 496 4 497 4 526 4 143 3 355 3 590 4
2 64 1 45 1
0
0
0
1 98 1
0
0
0
1 228 1
1 99 1
0
0
1 31 1
1 31 1
0
0
0
0
1 228 1
1 45 1
1 161 1
0
1 253 1
1 31 1
1 99 1
0
0
1 367 1
0
1 65 1
0
1 458 1
2 65 1 253 1
0
0
1 99 1
2 97 1 65 1
0
0
1 161 1
1 65 1
0
0
1 97 1
1 97 1
1 283 1
0
0
0
1 37 1
0
0
0
0
0
0
0
0
0
0
0
0
0
0
0
0
0
0
0
0
0
0
0
0
0
0
0
0
0
0
0
0
0
0
0
0
0
0
0
0
0
0
0
0
0
0
0
0
0
0
