65 36 4 38 4 55 4 57 4 58 4 59 4 61 4 63 4 92 4 99 4 100 4 102 4 104 4 115 4 117 4 120 4 129 4 153 4 156 4 161 4 164 4 173 4 174 4 182 4 196 4 203 4 207 4 213 4 214 4 216 4 218 4 237 4 240 4 250 4 58 3 258 4 259 4 263 4 290 4 291 4 352 4 38 3 102 3 129 3 153 3 164 3 173 3 196 3 203 3 207 3 214 3 362 4 363 4 371 4 398 4 416 4 419 4 445 4 291 3 324 3 334 3 496 4 524 4 120 3 590 4
8 48 1 62 1 110 1 128 1 182 1 390 1 56 1 504 1
0
0
0
0
0
0
0
0
0
0
0
1 131 1
0
0
0
0
0
0
0
0
0
0
0
0
0
0
1 191 1
0
0
0
0
1 191 1
0
0
1 191 1
0
0
0
1 131 1
1 131 1
0
1 131 1
0
0
0
0
0
0
2 131 1 556 1
0
1 556 1
0
0
0
0
0
0
0
0
0
0
0
0
0
0
0
0
0
0
0
0
0
0
0
0
0
0
0
0
0
0
0
0
0
0
0
0
0
0
0
0
0
0
0
0
0
0
0
0
