86 72 4 85 4 87 4 92 4 94 4 99 4 102 4 104 4 117 4 120 4 138 4 149 4 153 4 156 4 164 4 168 4 171 4 173 4 174 4 182 4 192 4 202 4 203 4 207 4 213 4 214 4 216 4 218 4 237 4 240 4 241 4 244 4 247 4 85 3 188 4 259 4 263 4 269 4 285 4 289 4 290 4 102 3 138 3 153 3 164 3 173 3 203 3 207 3 214 3 244 3 261 4 363 4 371 4 373 4 374 4 398 4 399 4 412 4 421 4 433 4 445 4 7 3 8 3 9 3 180 3 196 3 253 3 271 3 282 3 389 3 466 3 220 3 474 4 477 4 496 4 120 3 171 3 202 3 285 3 289 3 399 3 472 3 492 3 590 4 605 4 611 4
5 101 1 109 1 122 1 95 1 180 1
0
0
0
1 180 1
0
0
2 180 1 212 1
0
0
0
1 174 1
2 212 1 174 1
0
1 101 1
2 174 1 101 1
0
0
1 109 1
0
2 101 1 109 1
1 389 1
0
0
1 325 1
0
0
1 371 1
1 95 1
0
2 109 1 138 1
0
1 247 1
0
0
0
0
1 138 1
2 138 1 194 1
0
0
0
0
1 399 1
1 247 1
0
0
1 194 1
0
1 194 1
0
0
1 171 1
0
2 171 1 506 1
0
0
0
0
0
1 171 1
0
0
1 212 1
0
0
0
0
0
0
0
0
0
0
0
0
0
0
0
0
0
0
0
0
0
0
0
0
0
0
0
0
0
0
0
0
0
0
0
0
