75 14 4 15 4 34 4 36 4 38 4 55 4 57 4 58 4 59 4 61 4 63 4 70 4 92 4 99 4 102 4 104 4 117 4 156 4 164 4 168 4 173 4 174 4 182 4 189 4 196 4 203 4 207 4 210 4 213 4 214 4 216 4 218 4 237 4 240 4 249 4 250 4 58 3 91 4 258 4 263 4 290 4 291 4 317 4 352 4 14 3 34 3 38 3 102 3 164 3 173 3 189 3 196 3 203 3 207 3 210 3 214 3 157 4 206 4 280 4 362 4 363 4 374 4 404 4 416 4 445 4 246 3 276 3 282 3 291 3 334 3 468 4 496 4 503 4 511 4 590 4
7 11 1 43 1 145 1 106 1 232 1 300 1 469 1
0
0
0
2 43 1 11 1
0
0
0
1 43 1
0
1 106 1
1 11 1
0
0
1 61 1
1 106 1
0
0
1 341 1
1 11 1
1 232 1
0
2 23 1 341 1
0
2 12 1 23 1
0
2 12 1 23 1
0
0
0
0
1 182 1
0
1 23 1
0
0
1 12 1
2 182 1 12 1
0
0
0
2 152 1 182 1
0
1 21 1
0
0
0
0
3 106 1 152 1 182 1
0
1 362 1
0
0
0
0
1 152 1
1 152 1
0
0
0
0
0
1 175 1
0
1 175 1
0
0
0
0
0
0
0
0
0
0
0
0
0
0
0
0
0
0
0
0
0
0
0
0
0
0
0
0
0
0
0
0
0
0
0
